7512
1656
5916
2540
5523
8876
3217
7557
8062
2657
1408
5806
4696
5517
3703
6429
1593
9131
6504
6785
8100
1660
2357
2844
2835
9532
5253
2295
5528
9572
536
5746
6484
3459
9724
9927
3041
9817
2500
2924
921
7168
4828
193
4359
7607
4345
6871
2549
5510
3297
4024
5723
7508
8499
2492
9693
538
4256
6683
2988
1283
9068
1482
5562
1305
9286
4772
9380
1601
5634
7093
2839
3803
5565
175
7276
589
7494
9733
9059
7342
3140
4767
8391
6330
5112
208
2560
3783
4109
7084
8472
9402
3802
6602
7245
206
794
9252
1586
1788
8174
3690
7965
6803
7073
2446
8371
7409
7850
5224
271
549
9457
5606
2047
6385
2072
1075
8284
4233
856
2922
5150
3110
7681
3372
7805
4067
4628
3945
6103
5804
1805
2266
2674
8113
1319
1548
5820
1713
1148
7316
2049
9494
3441
5022
793
3998
3821
3117
9698
6659
7205
2624
9644
7106
8171
7019
8695
2424
6586
8238
2846
123
3439
5106
291
9761
2739
4735
7567
8381
5061
5997
7786
4234
282
2497
8686
6070
4613
2950
8939
9086
8911
7620
9228
3009
4114
1624
2325
5626
9426
4496
8892
4091
504
2428
7040
4097
1172
2831
9959
3950
2790
9696
7024
1329
89
1513
8755
3742
6770
5136
3014
1197
9979
8305
5394
1893
1380
5755
4355
78
6434
8557
3875
5588
1732
4025
826
6991
6118
1823
5924
7137
8422
9064
3348
3298
5237
254
9609
8390
3401
5075
8972
5758
7204
6569
8794
6679
2189
8613
1484
8163
8888
8683
2464
4308
1582
9168
8808
1298
6773
944
8337
7202
5405
8286
7662
3595
3947
2155
4128
6271
5278
91
7742
4292
9121
6053
8459
2823
7485
3069
6436
8938
4723
243
3489
5908
6449
4785
8713
3606
6549
5889
7496
2872
8797
3112
2197
4512
6999
6246
8920
5276
7943
9879
1883
33
9248
4078
4347
6287
3912
1573
8255
8385
2102
585
9718
8944
6263
9680
1367
7135
4184
1975
7449
2614
2557
4694
3724
8800
146
4864
1287
5129
1331
9790
8128
4226
7188
90
8875
3427
8837
867
8061
2668
6956
5440
2876
8445
693
6405
4189
3100
1691
3429
7696
6605
4841
4032
9855
3879
3279
7879
6410
7743
6643
2867
4693
8378
636
2125
1675
7261
4420
1809
8497
5398
1204
5553
9588
5880
8366
6752
7518
2297
413
9429
2819
4897
2943
9132
4893
2817
5848
7102
7337
2537
9277
3076
5335
9411
7134
8094
2039
5666
6389
2389
2308
3028
2234
9874
8856
2423
8806
6834
9991
4672
8720
5700
5743
8301
8627
1607
1974
559
3063
830
4037
8865
38
3882
7038
121
5902
8181
579
3748
2293
1967
9942
5029
979
511
1473
4279
4648
1590
5812
4976
2552
4248
9969
5229
9265
4047
7219
1371
7981
6350
4758
4898
5647
6081
5653
5803
4153
5194
6056
8791
7606
4497
5272
1835
4384
9853
1728
7221
9881
5324
8669
5217
5274
4809
8470
9403
9659
9945
5794
463
2585
7088
3425
781
1845
1972
7527
297
822
9278
8926
624
1317
1620
7005
3465
8036
6661
6131
6846
3013
2749
5123
248
1152
2891
454
5363
8185
1177
3902
3050
180
1860
2639
7986
8879
1392
7705
328
9174
1310
7377
1028
1844
7298
7521
6590
9111
1808
4654
1133
2989
5166
903
2984
4518
2369
6159
6826
8786
6988
6507
3108
7775
922
3958
7698
7155
5122
8919
8807
6122
2996
2656
8176
7468
6684
9846
5692
2821
277
796
1437
4923
5992
2003
3683
1252
3779
3556
8844
1154
739
3387
9596
7770
2265
8883
1022
6938
462
5918
2455
5139
9070
8654
5772
4547
7317
1731
6614
2886
6951
3293
8234
766
9897
2990
6293
9758
5232
8689
4349
2262
7216
6751
957
9939
8559
5921
6981
9102
2420
4288
5995
7116
9742
7077
4361
4077
5297
1836
5704
337
1899
7190
4852
5948
9329
3371
4482
2298
3496
7181
9533
2269
9262
9125
3055
8679
1271
8288
7428
710
3231
6615
127
9037
8122
5519
5086
9465
1031
7140
1325
6935
4985
3500
1743
902
3286
8199
7650
9574
304
1749
6063
8943
2282
6702
1679
2580
2151
8898
8853
8012
7991
4926
1046
5314
8434
3642
808
4400
7160
4878
7963
1032
5425
6695
7968
868
466
3594
5027
6548
5580
3398
4904
3741
4370
8714
6794
7740
2136
6294
9764
4844
7497
1703
5105
3049
6841
6535
3585
6277
1017
2967
3982
4763
2628
7290
7832
1162
8477
9049
3098
3905
307
4315
8355
274
6760
5815
3155
8847
4328
3332
5019
8812
9208
9723
2789
5047
7692
7113
7829
5292
9702
8179
7525
1428
929
2630
6954
4902
7826
5390
1856
4759
6676
9385
5597
345
6288
777
1540
6845
4993
7635
2029
5319
1518
1137
6545
5823
5739
9777
7519
649
9798
8900
4034
9058
2005
5404
1213
5438
2271
2936
3824
5325
1866
3852
6219
4409
9937
2447
3357
7111
1801
4260
8779
6236
5258
6866
3544
6156
4848
2767
9511
9883
8032
3877
2482
1811
6205
187
705
7234
2224
8831
515
5318
3168
4761
1379
8741
3410
8417
8266
4166
7495
7272
6592
128
3967
4079
222
1762
7209
775
4155
2183
9517
6223
8849
7899
1370
9837
5891
1842
6620
3671
7857
2627
5466
4106
6035
9133
2304
9341
2378
2025
7523
4422
2888
5456
5892
4126
8144
400
4946
6493
4507
8742
7709
4836
5255
9
7882
397
2520
4015
8511
7591
6332
7779
7125
8187
2129
9634
6275
7675
9128
8245
8293
9036
7706
1681
7765
1581
7110
6528
7235
9320
1381
4107
7828
9141
5963
9033
1440
7265
4730
6593
6562
1744
7999
5239
7911
4112
4459
1578
5546
3084
586
6947
4468
9090
4026
722
3530
7766
909
1127
2105
1054
8273
6121
9374
2040
7442
6609
439
1021
8508
3022
7599
6941
382
6626
3137
9505
1858
5316
2017
5718
1663
1740
5938
6285
6396
4411
2938
4598
306
6147
4352
6336
3761
849
2702
5893
2854
7369
9575
5368
2546
4768
9789
4699
617
9005
4858
8729
7576
7096
2882
9306
5860
8673
5412
6085
8049
2985
4726
2021
4594
1263
5361
1004
8804
7394
5839
6416
8821
9660
435
2925
9612
5537
2951
4221
4677
7291
3649
4621
1455
5817
6584
3363
5951
4270
5983
7375
6693
7953
9071
3044
2632
5675
9901
6814
5608
5489
9692
9526
6339
3697
1291
3011
1007
1917
4158
8960
7883
7703
167
4294
1277
3174
1442
7866
6110
9593
7399
3528
7414
4741
9439
5003
3403
3936
158
1180
3351
2073
8151
2769
9639
8208
2545
5583
9088
4053
1433
3002
7238
376
9232
8106
9597
4731
32
2778
4017
2531
4035
3558
6717
402
7472
2593
4363
3797
2763
3583
3953
5045
1113
6447
8761
288
5809
1493
2208
9452
8563
534
1583
5271
3282
6673
6391
6558
8802
6987
4191
336
5444
57
1095
1427
3150
6082
7540
2396
8189
6203
1238
4346
6747
9929
784
882
6832
5681
6188
8567
381
1120
5142
5516
4665
5800
9307
229
8526
7007
3778
7680
4845
2499
5201
6471
8403
5143
3661
7602
1311
1604
9569
2372
8398
8006
3524
4372
3727
8749
8954
1083
8202
4586
3435
6047
1247
9573
3505
7161
575
7615
8324
3713
2851
7274
2172
6735
5171
8997
6893
7315
4325
5833
1498
943
7721
7292
7864
908
3831
2879
7727
2130
5350
5530
312
5183
7679
5474
5791
6723
1989
4816
7341
3185
590
5904
1704
8489
6064
5960
9559
9643
7796
7313
4360
4575
6579
5682
1066
2526
6859
163
8333
484
1151
7400
8631
5895
3304
6550
4465
3267
5475
840
3196
7528
3135
4016
3682
8486
2201
9690
8153
3253
8452
174
7379
3732
4159
1345
6775
9944
8494
1147
9545
9908
2146
8214
3376
8827
2097
352
1623
3412
5747
3848
3658
8013
7972
9467
702
5177
4652
1545
1685
9542
4556
3383
1587
4732
648
2277
1966
6397
4084
1257
9024
5465
995
3869
3822
8152
2288
1672
4975
6565
5906
8252
517
9431
3789
8869
9298
8078
6242
3915
8210
4083
4010
8765
5955
2414
98
7423
6994
9489
6022
785
3336
3419
5619
7777
7747
257
734
3866
763
407
9834
707
919
9555
9913
7091
42
2240
9332
9633
6604
9212
7361
6306
9351
3191
8644
1767
3340
2904
8798
6854
6654
5985
6955
8188
1677
535
6100
1670
6171
6983
5094
5307
4022
4778
1611
4888
9179
9704
281
4241
6598
4113
1500
9682
9980
8368
641
2241
4175
780
9912
7486
5218
818
6782
3590
815
95
615
2368
5339
3755
1642
3452
2402
7293
3462
4239
6662
5949
7711
153
6699
1338
4165
97
6468
1521
715
8024
9048
4194
8186
754
2322
8702
8000
5724
3352
9437
2696
2000
8241
1684
791
526
5946
6115
5967
9087
4585
9072
9933
4884
3526
502
7454
4687
2578
2606
2251
8963
2250
9728
3493
7061
7929
9961
5527
5116
5095
4725
6647
4275
1996
2501
1942
6575
555
270
9907
6054
3888
1596
7562
3812
5025
5087
3968
8492
1965
3001
7363
8454
1019
895
4822
1101
5449
5567
7421
6299
4398
3382
8103
2805
7010
2315
9859
3519
5365
74
8860
2880
2588
3159
6637
2583
1048
6185
6927
5781
7594
5811
5979
1527
5761
9732
2324
4190
3721
4192
9378
5198
5300
8111
4918
5721
4071
7902
7767
610
8317
3816
1815
1868
5748
3215
6172
2683
4620
5837
7597
9238
2972
5311
9485
8495
7346
7660
1599
7912
1621
6689
4934
7633
7411
4001
3255
3886
4553
8170
1909
9760
8929
7905
8168
6101
2272
4386
9978
5655
3160
6276
3354
3884
3193
685
8420
391
1383
9416
5750
7123
5899
6530
2793
1802
4385
605
6793
8343
8937
7939
4246
9114
5877
487
9523
4229
6151
2602
1915
4606
4801
1949
2081
5564
4909
9330
6316
1857
7374
7818
9242
671
9116
6166
5356
1026
9149
5884
3643
5695
9226
9035
9976
9714
9614
6827
8533
4068
5679
2607
3766
6247
4808
1106
3393
7020
795
134
8487
4651
12
3562
7737
9338
6039
811
1390
8136
2623
987
4143
1765
7685
6861
9274
114
6265
6274
3868
8164
5585
3060
2930
2044
7848
4791
5159
8510
1043
2928
465
2167
8940
1964
4688
8970
5788
7021
6788
6114
35
9063
5135
9100
4868
3292
7893
8913
4318
7772
2238
4293
4849
8147
997
4197
6526
2119
3966
8221
9645
1327
7653
1462
4438
4334
77
3021
8239
4029
2249
5939
3480
3344
9251
6450
8521
3664
8149
8446
681
9371
4147
1630
9455
5802
8310
6680
5701
5896
6732
8370
2636
5713
2941
6816
5275
917
2198
7006
1995
7865
3857
6317
6707
2300
3464
5338
4786
5649
1207
2152
5601
3141
5228
8789
3613
5819
9182
2355
2255
9592
5545
6284
9768
9219
9479
6290
1649
5888
5419
4070
3542
5683
8752
3252
6215
6599
4118
3235
8159
3338
7427
4614
2264
7901
958
1295
366
4860
9950
860
843
7461
4146
9763
461
4514
2885
3158
7476
9578
8809
751
6591
1546
8259
2480
914
984
7823
9806
6516
2795
3374
7095
4579
4122
7036
1444
3240
8139
5071
8705
735
7335
3396
8130
7694
2908
3233
1378
1261
4356
1651
441
6539
666
1188
4710
2430
6104
3838
3093
8949
9417
1488
5233
1910
1559
3251
3130
7264
4297
389
7032
1439
5771
200
3491
7012
6882
7183
2920
1215
6864
3436
3935
7254
2999
5023
6514
7142
6767
421
6211
3221
5807
7958
645
1256
7699
8766
6755
1085
316
7659
6687
8395
9247
8383
7302
426
6375
4866
169
3227
9331
6163
135
7035
323
8516
3003
9406
6119
8783
4310
2659
444
7407
9108
7593
8394
7849
195
3054
431
4367
3730
1088
4577
4516
529
6776
8502
1577
3171
7470
6349
8501
2353
4543
1628
7630
7733
9170
3570
9857
3533
2348
244
37
9996
3180
8609
5915
2407
1755
103
3006
4823
9683
8578
1719
4955
9213
8522
3030
8220
9487
7499
6310
8247
9046
2403
2398
6462
9076
6141
2331
4595
758
5479
2011
7186
6714
7195
516
387
4916
2268
5128
7858
1184
8539
7920
8682
803
3307
9748
6062
9956
2002
3684
1870
2495
3347
5933
1592
2773
5137
2929
9880
847
2461
1190
4487
5990
9008
308
1992
4792
405
388
4769
732
1410
1069
3189
5822
5303
7800
7798
7717
8203
4981
4086
7487
2784
5230
5413
7802
8157
9499
8451
2131
2679
3199
562
4666
6126
5399
9710
3853
3109
5745
557
1063
232
3203
3873
5976
8074
5507
1849
7248
869
9905
1520
8396
727
3102
683
4445
437
9082
1994
450
2544
4245
4223
4451
5841
8165
9283
8182
1892
5298
1097
6480
9324
6835
4211
6411
1523
6944
3799
1558
4739
7836
8057
890
6425
5688
3474
3479
2013
1112
3705
1361
8287
2638
6050
4766
5547
2206
4392
9300
7954
2895
5874
6943
1320
6894
4433
2864
2610
512
1822
4172
9084
1102
6822
3725
1336
8872
1169
4578
4002
7976
1010
1323
1103
6030
9741
4428
8728
6765
8404
1850
3305
3711
8116
1953
4505
1979
3536
5127
4857
6663
6800
9729
857
34
7450
3169
697
498
7384
9069
7267
4007
4426
9446
7365
6768
2437
6400
5825
136
9730
4817
8300
3156
2457
6716
5211
7150
303
9091
6960
8757
4600
6421
7648
2094
2732
9172
5033
9310
5034
3565
6097
9285
864
5986
2680
7386
6998
3176
809
678
6636
4879
6183
2166
1847
8123
7053
2100
2440
8616
8983
9322
1862
6780
1706
8762
616
5115
3125
6844
3691
4682
9389
3503
8532
7492
9997
2494
7431
5205
6092
5945
8817
55
7928
670
4207
7980
6651
102
6189
6976
8026
4331
3654
8774
2830
5482
9579
3239
2207
2137
6806
1873
6187
5584
5615
2818
2496
8772
7017
3440
1070
5865
7505
930
7372
8372
8364
6980
6890
9554
365
3434
1415
5851
2317
1107
4958
5443
4273
6761
7269
3631
5447
2012
7739
3170
8088
2548
7331
4671
6140
176
6098
1503
7887
5541
4004
6272
7322
4311
6234
627
1820
9012
1235
730
3598
759
4859
7610
5866
1349
8513
7002
3813
1067
5231
4564
6102
1745
2158
1662
5857
8246
1304
2724
1551
6268
7124
5858
9449
6653
1267
2329
9268
6945
1206
5250
2965
9312
3615
3955
531
2820
1458
260
2567
9231
3997
3839
4607
2534
6978
1634
9354
6664
424
8910
8479
6786
861
1072
4403
4182
8628
7044
3940
9327
3188
2753
1189
7358
7233
8258
7356
7568
4756
1699
7811
4746
2566
8073
3202
6914
8091
8125
4765
5366
5686
3896
2693
778
1135
3892
6502
1914
7835
862
804
9915
5458
6113
1047
8143
4421
5437
3023
1585
6512
5925
7218
4659
891
7868
4681
2084
4740
726
1954
7163
7405
8687
576
6190
2675
9625
1553
5614
3714
6884
5455
2553
488
5854
6692
5869
1011
6249
963
1084
952
6672
916
1472
6905
4348
8903
3361
927
2014
9851
2458
329
8329
6042
3937
9261
716
7910
3127
9493
6878
9766
6066
1228
9603
1612
8327
3655
6726
4139
875
8388
1654
3610
9050
9551
5050
7171
6848
6910
723
2555
2561
9775
1913
4713
8418
8904
81
203
7573
5191
8525
5017
6186
4716
379
8360
1863
192
3911
8050
4163
6107
9719
4924
1114
2577
6690
6597
1018
354
4133
7318
6286
9999
1831
3632
8375
4592
5690
3529
6588
4605
5849
2755
9015
5932
3510
8449
2258
4830
2647
4499
9451
7307
7520
8318
821
9628
5638
93
7060
4225
9892
5801
3302
9289
1880
4829
5036
6175
228
3454
8733
4506
8748
6239
6622
846
3925
3166
4789
7533
8546
5862
269
7896
4263
7501
8971
4563
994
2363
854
2723
9117
8534
8086
7504
7259
9326
6368
9641
6422
1931
677
4876
7971
7631
7444
2184
4253
3015
1352
8957
9227
3026
802
8205
8968
1413
6710
9610
9604
3597
9686
5052
4321
2046
3694
9632
4615
2803
708
8401
54
6430
8043
483
2289
3878
3007
3289
9646
8022
6728
3370
5832
1722
8107
9026
7098
5270
4136
2306
3659
6667
3548
7539
3835
9367
247
2388
369
2508
1991
5182
7544
6596
3369
2948
1479
6572
4130
1312
4103
8461
9391
8655
188
2653
5643
7283
2539
1978
8348
4316
1826
9651
7080
6302
8148
3943
8753
6568
7373
6784
3212
8427
8281
8230
1469
2875
5731
1328
7371
7934
3689
2953
3187
6401
6384
8399
5004
6556
3986
4039
8223
1495
7946
493
230
4005
5357
7619
2757
6668
9462
5111
514
5622
9627
6517
350
7608
789
9181
2082
6224
2139
7524
5323
5113
3096
8313
1580
8574
9200
8236
3057
4931
7924
6146
8550
1443
8664
6642
2710
8602
634
3818
3656
9065
9246
978
1648
1387
3750
4546
6323
5103
6807
686
4088
9038
662
3928
8075
8331
1538
9225
2720
1110
7203
7348
7022
3037
7447
1003
6080
3025
7332
5605
8551
5950
8478
1512
5373
1549
1618
9630
6441
3460
1726
2056
3864
8967
8670
2703
7182
4179
2088
7058
2536
9271
1418
8531
1955
6918
4446
2048
8175
8780
5091
4081
4265
2015
2621
3859
9270
2214
4488
9134
1045
7974
9816
6948
7490
3723
8668
1412
447
6043
5742
2527
6612
1373
2933
9078
554
2467
8857
2280
6194
4670
5673
1405
2619
4947
5244
5712
2615
1297
5603
5487
8982
1368
3273
2195
9725
7433
7577
357
7842
9466
8959
3621
4193
698
1544
3144
3392
3564
7451
144
8037
6921
4454
3256
8759
6778
8416
2452
6911
4707
2491
9042
5200
9576
8127
1707
2883
7734
2456
8016
1829
3512
2193
7153
1366
1898
3345
1894
1806
5417
4045
4476
3706
9007
563
4891
1115
2285
1925
5058
4528
9921
4777
9217
3019
7710
787
6648
1779
4867
990
3527
5612
6279
900
4410
5186
9127
6314
5879
4168
6111
1089
6896
9667
859
9672
1426
246
975
2335
4046
9619
4162
5355
1081
2362
594
4511
2284
8297
8710
1980
2168
481
94
111
5533
8311
9584
2648
6930
4727
8645
6616
2745
2695
56
8469
5431
5687
25
8530
4062
6380
1185
7383
1420
5163
8413
7854
4075
5490
2199
8868
17
3587
2061
4597
1268
8788
9968
6465
1013
6019
9954
6392
5824
2099
7729
1652
3394
4036
9041
3710
2863
5561
5041
6342
5158
2889
3475
4964
7389
4380
9553
8601
3541
6028
4712
3067
7731
3980
9269
7892
7749
3983
3903
2177
744
1891
6740
9130
1834
4653
941
3133
6617
218
4178
3319
6067
9027
6856
1347
1888
6555
7139
5602
6326
4306
8118
3163
4167
7466
107
1923
8488
1006
6454
3416
1117
5764
3745
7229
418
4559
9522
6027
7838
8063
8770
8914
2148
2754
3518
4269
839
8308
6352
1507
4901
9600
7285
663
1926
7453
8361
6724
3296
159
4375
8545
201
4942
5118
9057
8854
4794
5286
3717
6065
1561
3052
9340
3254
9803
9260
9587
9631
4111
2478
3954
5151
318
4204
2856
5301
5671
7083
3367
8232
6209
1636
4180
7309
6379
1399
8419
2032
996
6383
2216
1471
6498
438
1529
1872
3190
6464
2528
8384
2345
7156
621
6973
8272
9784
9196
9964
8565
2829
5473
6817
5370
659
3700
8580
5988
9053
6069
7144
8085
4173
5462
8528
7654
6487
694
9377
1789
876
1307
8852
3623
7488
1859
1161
7656
4762
971
4524
8701
7732
7324
924
4582
5125
130
8988
2246
6838
9468
1676
2743
3458
4218
3616
8081
5878
2489
1134
4099
2093
2120
3708
1602
2351
5287
4224
9161
5957
8101
7532
313
9475
3285
9124
731
4922
7207
2673
9845
9655
8190
8
3317
1269
572
1020
3395
4591
1082
3963
7605
566
2191
3977
5907
9432
231
6922
3646
436
8119
4624
5911
4056
3545
8095
6377
4998
4418
7644
8382
1937
1150
530
9922
3290
7266
2453
5502
4554
5132
6041
3999
5793
1341
6730
8447
1957
7121
9413
355
4213
4599
977
2718
2156
6428
9254
7572
4049
6004
3373
2254
5826
1080
8697
2451
6670
92
2010
216
8279
713
3177
4020
3056
4481
1784
2294
2476
7677
3310
8996
5873
7339
3488
3012
9016
5140
6934
7804
2126
6266
9056
4807
6058
1932
2303
633
5343
6367
7649
1761
2406
9164
7482
1758
415
5032
4220
8722
2314
4992
1876
4584
6852
656
6078
9833
6650
4921
4157
6660
5831
9017
1346
9757
7708
8740
5672
3769
523
7198
5053
543
1224
7962
5922
7998
9920
52
1245
5461
4839
3146
2477
9815
8169
9112
9973
9344
6646
7048
8598
4854
5193
7387
9237
850
7068
3672
7115
8196
3247
2649
9150
6495
9605
9966
3720
9325
8155
4719
5740
4254
3147
6016
4217
4669
9884
5624
3234
7669
2980
4150
5685
2210
5729
6624
7697
9220
4787
9617
7862
6195
2707
1988
1622
4919
1971
4187
4912
5599
2510
2236
5678
6371
5717
7982
2611
7820
4023
3283
3040
2986
2579
2170
7616
6557
3461
7553
817
8083
69
4314
558
4065
6907
4510
848
8948
7578
5912
7437
8589
6216
88
509
7707
4274
2083
9934
9075
3580
190
7689
9206
3795
2215
8156
7419
8053
5977
3796
5582
394
2333
3249
6235
6301
9279
272
5753
4255
432
1633
7087
934
3334
9715
1763
9166
2756
4463
6758
6969
7754
6830
1976
8544
9788
4827
9073
6157
7536
9302
2591
6477
8873
4531
1591
9570
3978
2798
7354
4932
8958
8304
6036
491
4437
4966
4259
9932
5220
4962
4747
8303
825
9835
4886
7094
4290
3895
923
3924
9317
7682
2841
2840
4261
8743
8864
9142
601
1051
6109
5728
3862
4498
7392
7321
6957
9947
8229
7376
6207
5829
4764
459
5855
9983
736
5018
3316
9365
4376
7424
342
7543
275
8698
9629
3927
338
221
9754
9291
4742
3020
9529
8739
7541
7438
8283
9305
6949
1576
2411
9506
773
8421
7906
6262
667
3534
9101
991
4333
4406
4800
7224
1533
5836
9301
6398
6897
7614
4031
6713
2907
5477
9622
6206
6390
9397
709
9360
9122
9115
9032
1502
9022
664
8980
9441
1234
4013
8412
2783
1
7287
8754
983
9652
4087
8634
7391
9793
2311
6365
973
3844
5810
7810
6503
299
3179
9665
8901
1742
7393
5905
3339
6958
2855
4188
8750
1639
508
5536
6862
7821
1861
4373
6218
1416
6452
4242
1799
768
5007
8608
2909
4532
5702
2960
3261
1138
6701
8066
2242
6442
4222
2135
9951
3760
9805
7475
3602
4657
6399
6200
4675
9074
2108
82
4737
8861
9773
9737
1464
6072
6900
9155
1360
1509
2153
2926
8610
1682
6610
2299
3105
404
2159
2815
5351
8839
644
7885
1289
9292
2454
86
4284
1376
3509
6012
7724
3653
4522
711
4215
6260
1769
9752
9520
8672
2252
1441
1571
613
6270
4212
9653
8334
2211
3786
4601
6666
8463
1456
5760
9460
8071
6046
6423
5241
9061
2652
1733
4339
6551
4896
6686
1918
7473
3263
6182
470
2419
9348
3681
6222
3426
5015
584
7027
7360
4790
6869
1258
8603
4930
9688
2340
7646
5216
7067
8822
9864
6585
9199
1431
1531
7693
9347
3390
9387
7936
7763
473
6460
4983
6924
8209
4971
6409
2729
6815
513
2188
3091
7325
1053
8823
1419
2518
1296
1736
3272
4626
1638
3579
8346
499
1646
5098
182
9654
1316
2114
998
9854
7782
1952
1212
5834
4695
5513
1068
9731
6901
4602
2239
6857
6356
2041
1446
7370
6618
453
542
1402
4646
6327
7474
4573
3663
3571
7723
6746
1882
771
4200
2744
950
6458
6472
4014
2524
1803
3066
6369
172
7050
980
9581
416
522
6158
9746
4134
5754
6879
4455
9239
6373
3523
9096
6153
5901
2142
519
1817
5783
3737
7357
1001
7917
8801
6887
3990
8225
7622
2006
6577
3696
1741
5494
7913
1201
9518
9295
168
8015
7187
8359
9143
8662
3883
8271
9201
5332
986
911
6173
2584
3182
4619
3860
1993
5593
6796
362
3979
6952
264
2923
6870
1827
1568
7741
5000
8227
8793
9498
1486
9986
3707
3546
6990
5926
7191
9158
9507
6354
5386
2605
8507
5328
7031
9336
3145
2658
6129
8312
9831
3942
4905
6913
988
1210
2380
8543
8585
6124
2493
4108
7086
7978
9987
1275
8606
661
24
468
4486
7425
8296
6715
628
833
8124
5709
1781
5621
7535
982
748
5980
6629
3046
9099
8067
9770
2761
8064
5661
371
5509
6341
3553
109
581
6479
870
3637
2247
6865
8736
8498
6291
5499
5767
4145
5181
5109
3222
65
2087
5117
3573
6413
8173
5552
5488
9673
4092
6091
8830
6594
1202
5557
4278
9104
1094
3326
5313
1819
1987
2730
4119
7799
5376
3423
2691
4640
7951
2979
8285
3365
5590
1273
4588
7956
2123
7612
2670
1449
7359
239
827
1718
3930
4309
4572
4928
1181
62
4819
3327
315
2758
7817
3850
1453
1339
7176
1170
132
5644
7033
5835
7178
5402
7345
2163
9885
7947
2320
6481
7878
8389
6655
6600
8096
1904
9616
1476
948
9836
4549
2573
4137
8356
672
2780
8109
4323
3437
4149
423
8590
5391
3780
2770
390
3029
145
1725
6003
4401
8290
2422
6021
8184
1884
8820
9960
7914
2792
703
9850
4008
340
4775
7217
8224
1466
7286
3891
7127
2629
5291
9780
5209
7674
1146
1193
6888
1424
4295
9359
4846
7429
6744
1489
3230
9424
6096
3407
4170
1515
8866
5646
8514
2504
6915
3981
1839
8621
574
7282
1071
5102
4920
2655
9599
2202
8842
8927
2688
9235
7347
5379
7933
3695
6144
2225
75
9240
9787
1797
3078
8464
889
3095
1689
9067
9304
9580
2220
3280
2334
9093
9162
6536
541
7418
2323
341
7158
1037
8231
8922
4391
219
4444
5777
3856
5153
7744
4417
6860
2813
2096
3228
6873
4154
2110
4940
4639
1027
3798
1244
2045
2036
6851
7812
71
5495
4927
2735
9697
1986
699
3220
7636
5741
7416
2676
3744
3807
5787
7114
7797
2748
4663
9025
305
6366
5710
2227
9636
8108
1093
1358
6086
7
3206
7903
1417
4774
8376
5996
9583
1178
53
3814
3515
5868
2186
6333
9557
3788
7014
2866
4804
2833
533
1394
828
6525
84
6533
4678
1661
714
8836
6489
3223
8340
2373
7263
8738
4837
3948
5337
5799
9785
7004
5073
4377
4911
2052
2273
5657
9743
5317
8409
9245
7311
2488
1864
582
8824
4341
7109
5555
5573
4635
3268
797
5214
5457
1163
8962
40
6013
7199
9381
6404
2230
3194
6925
3693
7516
1144
4702
2107
1231
1322
4462
2952
1386
3377
8195
5913
2914
1262
9676
799
4643
3346
9160
9275
7992
7295
7246
2801
6665
3470
1423
9558
393
8291
9734
2806
4722
6059
8884
4101
4423
9635
2957
673
3657
333
7985
8989
6123
4042
1879
4280
4043
7617
8282
7511
6419
5080
5864
1122
398
16
9175
6739
920
1237
571
5396
1407
7881
604
7801
210
3284
2598
8005
4495
9229
2737
5956
2740
4148
964
6824
4055
4116
4793
1804
9186
4089
625
1056
5189
5119
3969
7834
1874
9525
8880
6705
6006
8456
1516
1962
2808
3666
3560
2503
5726
9825
7056
5426
6540
496
970
7165
7220
8663
4235
7284
7397
8142
1281
4603
8354
5063
527
360
6762
3167
7795
1959
6982
3890
5607
7738
7055
4729
5664
5157
1813
2179
4307
2700
5989
317
8619
7809
2366
2771
4144
2689
446
1632
2174
629
205
3350
4945
959
3520
6494
4461
528
1216
3364
7402
4534
27
5808
1116
194
7916
6309
5560
8651
7262
1777
7118
9060
4500
5628
6566
8314
1695
261
3473
6415
6018
2905
8110
8564
5670
1214
2286
5843
6303
4986
9107
4738
2601
3588
1165
4537
5359
8299
7223
7949
6044
3776
9474
8520
6232
6809
8692
5662
4692
5463
8805
5067
7561
4264
6928
4484
2313
757
3851
9139
8730
1208
9357
8886
2
4995
4052
6823
6985
6281
9717
1000
6343
2035
974
899
4545
7401
8715
1251
6307
9350
3957
9930
9021
2279
4326
841
2532
6338
7915
9638
3417
251
1058
1391
9866
2712
2665
740
4997
7214
6759
5267
5898
1365
4734
2462
4700
2838
9977
9436
7130
1276
3287
2603
4304
9621
7201
774
3805
7439
680
2574
152
7824
6840
2483
4338
1933
419
2921
9878
5261
4825
8476
5372
8033
3453
9000
2768
7097
6908
3567
6571
2777
5149
2565
489
8600
6324
5439
761
4562
2877
2672
6136
2427
46
6254
8150
5172
6839
2180
8029
3635
9094
9852
8593
1221
1230
1950
4980
1897
8172
1136
915
1567
5910
7434
4609
3413
1229
2857
1141
5354
6567
9962
3337
314
6996
2205
2008
6015
1332
5631
3630
7938
6488
7712
3604
2055
6179
3213
4283
8517
9430
1956
6833
9528
6940
7807
4230
4129
1795
3675
5207
449
5882
9925
2869
866
2701
6055
3504
8380
290
6674
3651
6420
101
143
9902
6351
3728
8825
4440
9003
8828
5262
3358
8816
3409
3448
546
6240
3752
4565
3974
1751
3031
4317
9776
4994
8751
358
8440
1157
654
7579
7314
9611
2521
4390
9197
4205
6787
7960
1625
3494
9552
5508
3951
7639
3521
4208
5798
6154
7443
3849
61
9264
3806
5068
8135
2859
5044
8717
406
7841
6440
6508
6509
4073
5776
59
3772
9207
8453
3584
5923
4939
2613
5296
268
5591
6248
4783
6328
7908
798
4925
6355
5620
6473
7548
9564
2708
2542
9994
6202
8643
3
5500
823
1522
9006
1174
6253
3608
3686
8363
7210
9055
8129
3036
8674
2270
8087
9971
4558
5065
1525
3451
3107
6564
9550
4889
1385
2058
2563
3876
1828
6315
6704
4840
6095
96
8773
5689
4300
4780
2992
1052
9318
6313
6886
4412
9810
9415
2310
5871
3638
1753
4050
1033
7570
3599
8777
5085
6696
1871
4354
4206
1153
7343
3131
3881
7515
8425
3308
7062
8718
5295
7334
9339
8115
5518
425
7753
5206
5131
1155
2244
236
347
3777
1179
5360
9453
6771
7147
1647
926
6312
348
7288
7336
3669
8307
2144
2138
3506
9974
6997
8338
2312
5148
5138
1619
2416
8899
6052
4950
161
7584
8055
1356
5400
7613
3808
2162
7556
4044
5548
1015
5571
2460
1867
6965
9755
9501
8131
2994
7069
7081
1504
1616
2714
3415
1334
8455
3071
3151
9423
8265
6520
1438
7459
4771
816
7251
7604
2231
8998
655
3226
9165
9814
7563
6318
4169
4000
4913
8965
2213
238
1375
9293
4124
4330
7598
7075
6595
9807
5707
9491
4535
3328
9756
9867
5506
4552
3321
9677
3956
4393
1517
9863
9379
9297
422
4196
8373
6259
3126
5446
9661
9664
7076
285
1667
325
9849
9782
7368
138
2318
7571
5289
2237
7480
7895
6932
8560
3157
3260
1764
3478
5388
501
9492
7426
5252
6560
2350
8549
4457
3218
7185
5322
1248
386
6694
6191
647
5104
209
4835
951
6424
5249
1928
2519
6453
6226
330
2913
3716
3768
3618
9544
9860
7634
9433
5090
2140
2263
9496
1643
4970
7297
583
2410
7790
6164
9176
3908
3386
2405
197
1496
6706
3331
8646
4480
4171
1309
7070
4632
428
5756
9308
6243
6470
7064
9967
2352
9694
5640
7502
8262
5521
2394
6033
540
6237
7222
8936
7107
5133
2050
2973
6863
8978
7464
9234
4135
668
6227
8226
4271
6426
8595
6106
3987
5870
9438
5096
981
8482
9916
3736
4252
2955
4717
1526
4684
5393
403
4227
8406
478
972
5883
4533
4724
8154
181
1250
6344
8781
6613
6967
5346
989
279
4821
6804
1614
1111
9926
5076
1664
5484
3214
7542
7546
6108
3793
8328
6181
8204
5734
8200
9079
2871
5092
8923
2178
1076
4612
8438
6388
1906
8570
5984
7720
3566
9703
2024
2408
9820
3992
1060
6099
8322
9935
6902
2367
8887
7806
9321
9425
4721
4949
1851
9010
9031
7413
9711
7063
3763
9288
5088
5970
8931
2027
2853
7353
3836
9095
8684
5284
3081
4818
6360
5245
4228
6802
602
1467
5795
3192
1499
3198
7133
4826
5167
2507
9192
6843
8243
9601
8859
8524
9893
9516
3229
8030
6320
204
7855
7277
1266
6966
7788
3540
5876
1490
9759
7964
2759
5669
8840
2966
6538
7173
4058
4625
7873
343
7987
6184
595
7303
2677
6721
6074
7256
6959
6257
1881
820
8025
5012
5900
1468
3622
9844
3238
3645
6132
7281
7967
1669
6799
9420
8561
242
8523
3561
8018
4795
4987
4369
183
1687
9392
4570
4125
4861
5733
8527
7663
7122
9123
4850
9039
8441
8696
2173
3811
4887
6989
322
9250
7670
7897
8660
4805
688
266
9539
1481
7179
3152
6669
2450
9828
7275
3985
6619
1265
9735
6134
1474
8690
9858
1494
5953
3118
6461
2305
6280
7815
8162
2401
3309
6014
4781
1637
6476
8138
8945
490
2118
6675
8496
2617
9205
1436
4152
6459
7537
1717
737
4104
4414
4760
1023
5568
9504
7860
4555
6252
2359
1911
6753
213
2570
6729
5202
2734
9796
7559
5353
3101
8529
5751
5392
2051
8435
3551
3299
8407
6169
7057
9482
3764
4429
6199
6358
5380
9812
725
5028
9352
4121
9098
8112
2358
2974
9230
893
1024
9092
7129
6750
3698
6942
3767
9566
9382
2283
5141
8577
5154
1123
1940
5480
3652
9407
6431
5265
2150
3059
2842
5170
6992
3269
374
3640
7052
7149
2141
8666
6797
9669
5978
451
6393
7874
4489
3665
1840
7550
1480
7306
5327
6337
8294
5749
1645
8941
7213
5089
4332
2612
8393
7921
4199
7927
411
8178
8642
8215
1824
156
4914
1497
2894
2018
7268
2722
5563
5014
233
877
8575
6635
8072
6230
9263
1700
8167
1968
7108
3197
5656
1907
9188
3471
5929
2486
3312
6582
3433
7310
606
1552
19
8915
6795
5965
104
9804
4550
2321
8694
2016
2109
8656
1524
479
11
6819
4536
2034
4833
4664
3225
4806
1487
7105
4551
6005
1947
8706
2444
1098
1738
1818
9865
7730
9943
3993
3375
6511
1457
6283
4183
7446
7552
505
2927
6214
5520
1091
5162
4066
9184
7558
888
1890
3537
5072
7925
4903
9608
9119
9355
1348
199
5225
3248
7478
1550
7822
6170
2078
9685
9720
689
6094
1430
2684
4336
301
4779
651
5492
3731
141
2709
2175
7716
7757
2091
7937
4072
457
4272
993
550
747
9876
9519
1501
2513
5024
4566
3898
4968
5369
3893
3897
7768
9687
942
8785
2122
8894
7867
4662
7585
1306
9524
8704
8834
1673
690
6877
8882
4587
2459
173
3668
6417
2954
8253
7059
3603
1821
9414
824
8309
1264
3142
9002
953
6885
8586
3904
4517
4929
7969
6513
1478
7420
561
2376
7592
9405
1300
9083
1404
189
433
3378
4236
660
2275
1279
5554
8843
4641
596
4569
8365
4378
863
1219
1077
4123
5266
6116
6639
5715
4185
5064
6165
2023
2595
6177
8069
6128
8320
5587
8956
8638
901
4627
2095
2371
2336
9762
5428
9023
2828
3088
3547
495
6406
2637
8700
9769
1641
8615
8987
5971
6297
7783
7009
471
9985
1903
2165
9470
43
2260
9154
2824
5254
6849
4262
539
3719
9476
9946
1429
2514
631
2849
8999
9281
8017
3784
7143
8079
217
8009
2599
878
8862
9480
1342
8942
9138
6734
8746
9044
1885
5677
2562
9882
9568
4937
5629
6576
8933
3275
6570
2517
3702
7948
8917
9982
9931
4471
1191
1290
7034
9454
8041
6311
6842
829
6408
3617
1532
7481
9531
5716
5581
6764
6868
2939
4991
3781
4701
3313
4749
6228
1832
4802
5763
6289
2900
7846
458
2604
8194
8254
2910
8244
9241
7856
41
8640
5101
3988
1922
8745
9029
1222
2319
9249
8007
9917
1724
5511
5844
518
556
8953
9401
1226
4936
7551
3712
9721
7180
1600
6161
5736
9349
6658
4814
2843
6196
8491
7074
9919
7989
1389
2470
762
565
2349
5982
8719
8031
6708
1025
4082
6250
7270
8547
1653
9832
4637
9334
608
4679
4313
2064
3490
6213
2502
3975
9215
9276
5919
4752
1810
2085
6261
170
7774
5472
184
3209
6469
6855
9471
7666
506
8819
6831
8677
7547
6125
2949
6506
9030
4335
6798
4705
8870
1908
1260
2382
2399
1981
1783
6071
1040
5936
2506
8235
476
9626
4847
1139
9204
7683
5288
1448
578
6874
9990
6601
9868
7751
1242
5290
4542
1362
3121
2374
2245
7045
5972
2222
6608
7816
4954
6656
5845
2054
7549
5476
1997
832
6847
7945
2469
367
6040
9984
6972
3477
1537
3517
4452
4431
7042
4018
598
8553
3265
8292
5081
769
8342
2203
2522
6137
4708
753
1514
7889
4432
746
2364
4561
9738
4203
1270
2132
3148
3388
7030
4900
6912
9294
4447
4899
3900
6974
5651
8979
6382
9822
401
2278
8430
1895
3906
2918
7787
1710
2383
6963
6573
2412
6244
4508
1061
9689
1130
7722
5691
5610
2384
2523
8990
5054
5348
3941
4240
3917
1613
1557
1825
4327
118
3569
5531
8618
8034
4680
9444
1232
1421
4933
4475
2608
6892
5813
8439
4291
1688
8584
8961
2431
3817
8624
6026
9353
838
9594
5238
3787
9556
6346
5796
831
5642
1406
3907
9801
9303
9328
8579
9899
8784
4951
1887
3115
1588
9839
4610
4100
9869
3751
160
1902
3962
3210
4865
5114
6936
9521
3219
4973
5789
5204
4105
6537
5616
7051
373
4195
5897
4231
3486
4576
4736
1274
2530
6455
4383
3673
5203
5641
3549
3508
6872
3971
4177
8946
3820
852
7886
9663
4686
7975
966
8467
4267
1617
3315
9561
1432
3995
8432
8725
8906
7338
925
9642
8035
2581
8775
9795
7668
8540
1034
472
49
6920
4003
2827
2418
5765
6606
4589
7534
5540
5210
3919
7189
3899
738
4851
8448
5160
907
2391
28
385
1340
8276
6010
364
1560
8810
4714
7930
503
4743
3641
2934
6964
7554
4751
6621
717
8891
2386
9891
9708
2686
5790
1303
2505
8046
7257
9988
9848
2218
8397
6445
4636
5030
1977
8764
765
2847
5385
5720
4872
5185
2076
7236
110
695
6387
9383
8889
2571
6292
6820
8213
3756
4368
351
7510
635
6483
1294
2031
1119
2785
4289
2007
892
1960
4871
967
7840
2731
7891
836
5856
8818
4209
4580
6076
880
4658
9356
8878
1459
2832
3765
9590
6757
9965
3870
7890
6681
5699
2698
3973
1696
6521
5377
2543
6986
7231
7859
2715
2089
1938
4483
3929
4095
3016
3575
2121
7192
8433
1768
7252
9147
2393
3270
1963
5082
8280
1246
6979
9001
3532
8893
3111
2868
6906
7718
467
2587
6899
6812
4416
622
9992
9126
5719
4407
5383
9136
5120
6475
8045
7900
6634
4842
1393
3619
6482
9198
8661
7174
3894
835
6443
741
8626
8134
384
8993
8995
7637
3089
7944
5954
3058
5013
8681
8855
6011
2751
9819
837
8251
3785
1791
480
6652
7206
6953
133
469
2554
6395
3090
6818
3116
7244
5429
5786
7627
3885
6633
6578
292
7079
324
5569
4862
2538
553
532
4978
8986
8442
4803
5958
1142
1337
79
3201
2190
3577
9427
4093
2387
3823
5890
3550
5559
5387
2995
3061
2794
7529
6491
8558
3843
5281
5389
9396
9171
7625
9129
7008
7350
9657
9151
4439
7228
3747
5352
6251
5757
2810
5592
2248
7888
3349
8582
7687
6002
5100
3035
70
9624
3578
4456
6448
3790
5222
1702
9290
4011
1816
623
5099
267
8790
2169
113
5223
8090
8760
1171
6792
7684
4877
8161
5008
410
2259
8414
5416
3064
8278
5959
5251
3485
353
7329
9043
7200
6049
9948
5031
8925
2274
4733
5326
6112
5165
7875
8537
4430
4301
4140
1712
5529
2145
1209
4110
294
3114
7170
2060
22
5187
9744
4027
5035
5549
9272
8588
2711
8191
4744
5782
150
5344
9346
3718
6273
3678
7530
6641
1064
8357
3555
4882
7330
9018
3996
7831
9313
3636
7159
5046
4690
8358
47
712
9370
5279
9315
3482
7690
3161
3278
6414
9674
510
7869
3626
5418
5613
3444
7793
6737
76
7404
4583
8573
6335
1920
8921
7026
3236
2511
8723
9173
5840
2556
969
8767
5057
2226
7843
8505
567
936
1199
9118
3889
485
3325
5993
1814
2704
6217
9924
1730
6245
2752
4286
8089
3335
1855
7678
9221
6
6743
2463
3431
164
6017
6628
6889
5347
8020
2004
3045
7175
1505
2940
9216
6345
8556
5219
2415
5759
9157
4529
7984
8509
2176
3139
4611
764
7430
537
6068
3080
5696
4477
6644
9156
5937
5331
1896
5367
3650
5471
58
949
6805
1606
5714
9571
7362
5660
955
6077
8536
3164
1239
7983
7166
9508
3353
894
7652
1666
1128
2066
6075
5944
3989
885
8056
9808
9443
196
9512
2959
3246
3211
607
3933
6789
1315
8633
8386
7193
4571
682
9422
7506
9958
2223
2716
8744
7460
881
1374
819
280
7398
8475
14
721
5078
4268
7023
3136
3216
9028
5059
9952
760
6532
349
9019
9146
3887
6376
9530
2968
7996
8021
2433
4366
2915
8250
5778
214
1183
6139
7151
7942
3087
1354
5051
6939
1240
4402
6451
9821
5556
2898
3443
3075
6348
4908
1671
3735
2133
6527
1159
5735
302
6135
2858
9447
395
1074
3830
8652
3172
2860
7872
6362
1680
8771
9972
5768
9918
1780
7771
1243
7403
1715
1723
5694
1869
8964
6876
2290
2836
8637
4880
2633
7239
5016
3832
1776
1595
9190
9368
2442
5320
937
1065
2685
5481
1929
334
2409
7498
240
4427
4667
3281
2187
8002
4247
5040
3428
9040
8975
612
9486
8264
1759
1790
2903
1506
3938
7273
3481
7778
1511
5436
1655
6534
9503
8611
8424
6790
4870
2572
2465
5424
2944
2127
5998
464
9153
2625
6329
1594
1049
356
8703
9751
1729
85
770
9342
4709
3568
9607
8267
9681
7344
5340
9886
6143
5674
7691
4984
9456
1534
6180
3432
1124
5375
9781
7352
4513
2645
9145
8145
5293
8776
3574
2390
3438
7632
9648
1255
4141
3274
5169
1483
7977
18
4201
5962
905
3472
2717
6305
9222
1041
637
162
6407
1042
2787
7844
9794
3593
3932
226
886
207
3242
4051
4863
6931
2485
2316
3047
225
1727
1865
4977
4214
8228
6444
1875
5706
783
1078
544
7575
3994
220
2307
3612
1355
1563
1853
5330
9366
6083
2111
1946
6813
9478
157
1693
9830
7463
2890
7745
6554
6801
2069
6427
7919
4469
5830
4501
1100
4362
3119
4302
486
4811
5551
6559
1073
8158
9740
4890
6353
3205
9388
6546
4853
1477
154
5792
7776
1714
7018
7260
2020
5544
3563
6829
3079
4298
3964
2997
3970
5635
1223
1465
4396
7271
6197
6073
7638
8332
5409
4697
7785
117
6607
749
3846
9490
5107
1166
6748
4266
4504
8302
6057
9180
1434
9910
2327
1452
3065
9400
3704
8576
9811
8102
1852
5818
5433
4509
5534
7755
8042
1766
7296
339
614
9861
8835
8597
6779
4282
1943
5645
7565
4342
8349
7750
185
8060
4389
6929
2354
4156
7396
7861
2797
9152
6649
1739
552
4257
872
5302
7406
5652
1900
2727
283
1377
3639
5618
5212
4319
7814
3715
3165
2475
3596
1807
3456
2098
8648
3840
211
9409
7830
3845
8237
7545
2209
5299
4773
9233
7626
1970
3677
3762
7484
6264
933
7509
8620
4350
7319
6677
6193
6282
3667
788
6435
5362
3175
851
9363
6105
3389
420
2171
3250
6374
2616
7300
3926
4647
1650
5885
5442
31
5450
524
5285
6130
611
1398
7581
4753
9797
2113
4674
5448
2338
2448
8321
2782
2970
7436
4617
8811
6331
9106
692
5235
9195
8180
801
80
50
8699
2586
1793
1397
5451
2392
8641
5964
8763
845
6150
5596
6688
9390
2733
9464
2956
7762
6229
284
4668
7112
1470
9800
4629
8612
1463
7583
8952
887
2690
7196
2660
7926
4660
2738
7618
3418
8562
7422
9595
3611
1173
2344
6127
3829
1734
2681
8120
8082
5785
3543
6201
9896
5309
9940
2466
2468
8895
3245
5427
1535
7471
8263
140
4943
2741
1721
2667
5009
1350
2762
2916
5705
1530
8756
1096
3073
9236
3959
5240
9284
1044
2063
8319
2347
8680
9585
5470
5708
3499
6490
474
7941
3183
7713
3343
234
8675
4810
2070
7465
1774
2569
3024
2993
23
6984
1198
9177
6357
8671
1584
7803
3380
286
4525
3624
1145
4329
8411
5999
976
5928
2379
2449
4324
8625
8058
9713
8571
9813
9938
1012
8146
1131
6749
9461
7255
3241
7918
9567
8104
9428
4176
7661
3314
7736
1313
259
5329
6372
6174
834
4394
3827
3660
7491
3582
8350
9054
3495
48
3931
968
8080
6970
6725
1792
3819
8207
4371
8352
8693
7104
8315
3099
99
5867
2641
5264
6497
8362
8431
6742
9877
9981
9243
8504
2978
8323
2600
6712
8410
5430
640
3244
2339
6000
4238
2728
6640
8137
4720
9020
9280
2516
5684
4820
7513
3333
7126
4799
6437
5658
1176
8219
6518
742
2106
3644
7047
9695
5306
2435
4527
8649
8344
2651
10
3863
5914
6919
2697
898
3662
8141
6031
4649
2479
4085
4277
3271
8326
9062
8423
1510
8747
2432
4397
6691
4875
1984
1308
1002
547
3447
5408
235
2961
1569
7240
6522
4492
8851
564
3841
5816
3554
9823
9218
1528
1217
4567
7655
1690
1886
8233
657
5074
8555
1958
3871
8051
3810
3833
3501
2609
1570
7725
2243
9873
6589
7645
935
5538
8047
6731
5121
119
2705
632
3910
2525
6563
3411
2276
2958
5345
5654
1610
7714
3277
6541
6485
5180
5397
142
2473
6722
3446
20
1225
9739
2092
1280
2887
7029
3476
2356
8028
8726
6630
289
8387
5227
8708
7493
855
4399
5805
7408
3106
2622
2812
4365
6543
2776
8345
7177
853
7970
116
6523
8897
9591
5881
7808
5358
5403
4186
3402
9778
5966
6510
9957
1597
7995
6446
1353
4296
9541
1796
100
7469
9335
2425
5342
3018
8758
2149
806
4757
7719
5011
5043
5762
1158
3062
8353
9077
2160
456
377
105
2267
4894
5341
9995
8909
4458
332
9434
4493
1941
7784
2699
1324
3601
6603
684
7445
4098
7011
4413
7759
1554
7596
1536
8908
245
507
1292
9786
7580
3511
3960
4064
3128
2669
5312
9109
427
9856
1678
5280
4115
4181
4883
122
8335
8542
5594
72
8867
7312
129
3043
7072
8212
8206
5952
2845
1701
1087
4202
2067
5611
6808
9440
7467
6300
3406
9941
7851
6088
9369
3466
9779
4033
3103
7789
6176
4634
7301
4060
7931
8426
9602
2547
227
9193
7103
8984
2742
3607
4340
4320
5994
3294
2796
3828
4102
3946
4243
9066
520
700
7673
8330
9510
646
7305
2436
3909
9582
752
1945
5894
8950
1460
7957
4503
946
5886
8991
6719
6267
6553
4449
7600
9606
9191
7526
9159
8098
1564
3880
7500
5260
3586
5497
6155
6001
5432
396
6627
3492
4059
4938
5525
4258
3525
2848
5468
8515
1905
2117
8665
2332
9875
4198
6850
3138
7351
4
9637
3207
2664
296
8724
2991
8969
1589
5711
9727
5304
7085
4988
9998
9209
4232
913
3322
1608
1787
6781
4788
599
7280
1757
5190
9034
9376
4989
4021
7624
3085
3113
1447
8629
3421
6700
3094
8197
1236
5256
7667
3692
5195
2931
8408
790
5221
5975
2893
1357
6825
3424
8483
643
9223
191
8932
7955
9105
630
8076
619
4337
6492
2687
5060
359
800
7232
6977
910
9975
8795
1227
928
4358
1414
3733
9202
8792
7054
10000
6378
4718
3086
9187
2397
7871
5542
9448
1118
1919
5668
904
4450
2498
3775
962
5737
66
3397
3913
4424
7877
5243
8443
9484
3804
73
5006
4351
3826
4006
4541
2037
9772
7932
3552
9004
8216
3420
6438
8092
6192
756
7247
8787
8222
2287
5589
5334
9701
5478
6937
1754
9871
4608
3330
5374
298
4596
2219
4142
237
6946
569
9299
4631
5079
2194
1982
1983
7641
6024
3921
8955
186
276
1485
4974
3834
4442
883
2596
1302
5321
4676
7569
729
7132
4132
8607
8336
7623
9435
9224
3083
2028
9311
4048
6120
6079
6233
2582
8369
985
8841
2235
3498
4832
1090
2592
8040
4869
5002
8566
8678
7145
3399
2626
1382
6531
5173
5124
2983
2030
4622
7952
9949
1575
3614
1770
6241
5847
500
2774
4164
4915
9745
3782
3195
675
3162
3450
5981
3674
8907
8716
7211
2650
6968
609
7935
4174
8114
8659
4127
8538
293
805
2400
965
704
4618
4490
2375
6359
5861
8554
4703
4656
4305
593
9847
879
9647
9089
3740
2509
6145
7328
171
6061
7959
3070
3516
361
4539
1916
326
4405
6811
9343
3311
7066
4343
6278
1605
2057
6212
6720
5215
319
8117
8734
9586
3362
7117
5973
8105
7243
5909
273
9287
5875
1038
265
9081
4436
4151
4698
638
1951
9563
8519
165
3609
4568
4344
497
1359
3794
5070
5859
4303
7640
2292
9194
5863
7979
3097
6210
5920
5680
5453
7326
2589
7452
6883
4957
750
8572
331
2750
4948
3514
603
7131
2009
776
8392
1944
460
7013
9418
370
7961
2309
999
9771
6148
1543
6231
5773
1934
9691
8001
3628
5423
5144
1921
443
8003
6499
2800
2884
5722
5056
2147
9546
2253
650
792
7503
7695
309
7950
1750
7564
7049
4834
2116
3754
2038
3360
3224
372
3005
5940
1565
1187
3770
8848
7657
2434
26
7278
6087
5676
5435
3914
5543
7813
2799
2074
1697
7258
6678
3972
6298
6875
5152
807
1062
5498
4435
3457
8077
7078
720
4838
327
9259
1282
4521
2413
7152
9716
5827
2878
6547
1200
5176
1492
5268
7990
3676
7037
39
8658
9473
3738
687
3633
346
6853
6167
9214
262
6486
5406
3291
4633
7432
2204
6162
5467
7837
1435
1609
9791
429
938
2826
2694
2042
4972
7715
9211
9623
7395
9679
9598
8635
4917
7845
8735
8676
3484
5903
9989
4009
2721
1841
6552
1035
5155
4074
2661
7880
5062
4210
2192
945
3000
6995
7001
2897
4770
6895
9009
7781
4953
810
7169
9589
7566
9911
719
4982
8201
2221
5522
4560
6322
2079
8737
4519
7340
3734
4798
9577
5145
2154
7590
4979
7609
9765
7603
8039
1233
8048
6909
6711
1203
1055
6361
9843
4754
3039
2937
3391
1253
2764
782
6736
4935
7833
6045
4040
7522
6891
5941
8981
6971
8973
4216
7825
8976
9615
3366
1626
7507
256
3961
3497
3620
6769
5415
2471
1475
9052
6269
2772
5505
5174
3405
9509
4967
6060
5703
36
202
3513
9183
1369
6090
8691
1321
2822
591
6837
6463
2998
5246
4080
3295
5242
1388
3557
5384
6363
4910
5364
7671
6544
5852
6038
3082
5526
9103
2429
3445
718
6117
9362
392
5179
4689
5048
4815
5968
3385
7756
642
8653
9135
8833
7355
4661
7514
2852
8256
9562
8415
6791
3722
5066
2421
6321
8994
4638
2441
8183
8592
1029
6867
5175
1168
6697
250
4797
9296
3266
7701
5485
4574
6198
6007
679
5930
5512
1301
1195
7852
7791
7794
9148
4322
8010
1665
1547
1746
6698
5693
9826
1411
5395
5414
4590
2726
5539
4645
9273
7458
2654
7390
4540
9658
2766
3922
1990
3629
9613
5005
8732
8731
5084
1335
5779
5667
7364
4748
9140
7658
7167
2200
7381
7702
8535
4520
492
3591
5493
7531
9110
139
3356
8374
60
2917
7141
9253
8935
8402
1454
9842
7000
2919
2881
3186
311
9668
1603
2365
1683
1009
3408
6478
4250
2233
5842
7237
8877
7043
4557
1160
1445
7728
2487
3329
3442
4357
2896
691
7448
5010
263
5595
7299
8466
9144
3647
7665
4404
6777
3259
5401
4581
3384
5410
7907
6542
5147
2157
8457
1491
7367
1167
8604
6402
7308
5828
1969
7136
68
30
6574
383
5197
1948
3507
8044
931
2666
8500
3934
8306
4244
3077
9203
8444
3976
9319
83
6020
592
6255
8630
5725
5659
5838
4960
6394
310
8211
3104
409
577
2746
120
1830
9459
1748
2551
871
399
4990
9700
1720
6738
6432
5961
8460
1635
9316
674
440
8121
8985
2791
5305
3324
3469
4961
8622
5263
8636
8295
7435
2947
9051
7819
5579
9244
9774
3048
3068
2104
2019
3688
9914
2301
7101
2377
5441
1450
4623
2112
7589
1272
5445
7746
3627
63
1008
9671
5130
2834
4526
3342
6682
9736
7994
1773
1782
1541
1542
6051
8916
2529
15
1175
8298
4117
8437
6048
4683
8814
8027
5850
2330
2564
5501
9534
1631
417
448
814
4287
8269
7455
5283
2692
9538
6763
2438
8260
918
5917
658
1659
2281
4502
1039
8011
7100
9802
1674
1343
5600
1182
1425
9314
4796
5001
8721
2981
344
3004
1333
1363
6709
4959
2115
4069
4281
9527
1556
7595
3773
7588
6766
8709
2071
2906
9649
1760
87
5199
2631
2185
9410
8947
6418
2065
8068
5422
961
9399
9888
5730
9412
6583
8339
3243
6671
5146
4453
5069
2932
5648
7792
6611
4715
9953
5744
7629
7241
2535
4419
7457
8471
4299
1330
3306
124
6500
3323
2062
452
4057
475
7119
7385
6496
1105
9364
3502
6505
4544
9395
6037
7726
8249
6256
9767
1005
6580
2644
4706
1108
5942
3178
4494
5887
960
9421
2490
9323
2404
5248
9709
3531
652
1278
2678
3487
5042
912
5503
4160
9372
1833
9361
4353
2360
9684
2001
2196
8192
8596
3320
6008
3576
5586
7769
6821
3726
45
4969
5797
4704
7898
8614
8782
6334
9706
7760
6727
2825
3984
6917
2558
2077
6178
5168
4812
2874
5535
1164
956
7555
6325
5020
3771
9120
2977
4249
1104
1451
7250
653
7752
1079
4472
7923
126
4479
570
3124
2760
5026
1785
1143
2228
2802
6084
2816
5604
813
2342
8874
5257
8902
131
2807
9548
1566
434
8458
2597
4063
5108
7003
3874
745
2232
2346
7587
4061
8850
8930
1735
7380
2472
9450
9358
1579
1737
8912
6149
1598
2326
9712
5577
7735
7099
2982
5515
9841
2814
1935
3842
2643
320
2899
6975
8160
4965
5464
3758
4895
6208
2302
4685
9818
9537
8480
5452
3143
4616
1205
6403
9898
2594
3303
1211
8270
8242
3709
3815
4776
4956
5846
6515
7664
812
3687
2706
4030
3400
7773
5598
9502
1395
5336
4523
2217
6745
6933
1555
3701
8405
9513
5991
5208
1878
6238
9483
1877
6783
9267
6466
8132
1627
3341
1752
3237
5814
4374
1396
7586
7333
1259
9903
5213
4161
3572
932
4131
8918
580
1285
8351
8727
3129
786
9799
8429
2181
2575
8059
4094
2417
1140
5775
3825
1030
7041
252
5625
3288
5049
6138
9783
2161
2713
8813
3739
6810
1705
1194
2719
4382
1014
7082
7304
6962
9256
6340
4387
3746
5935
5273
5110
2892
6903
1812
8541
21
4755
5732
5282
8928
9792
51
3072
1848
1973
2870
992
5738
9408
1050
2533
4644
8274
9909
7148
3991
3949
2779
1326
215
9488
9266
1640
2975
7863
6467
5381
1132
7157
4395
779
9889
5491
6009
1192
9963
6898
1999
2550
3791
5038
1747
3538
2439
4434
4745
9255
7194
4548
3854
4952
7973
4054
5524
363
1629
8004
1709
1772
2164
155
1508
2134
6519
9650
3153
7382
4425
4443
3837
4441
1692
9373
8503
8548
2640
9872
2370
4460
9085
5774
2568
5637
9258
1843
5077
2945
2976
1186
8815
3132
2873
1218
7320
2901
149
5650
7642
6093
3965
2361
9394
8667
7441
1708
2663
3123
7327
8623
4312
8974
7560
2512
5055
3359
2861
6381
3404
1930
3699
6296
5617
767
2381
8023
6347
4855
5665
4782
8248
6632
9014
8552
6858
2053
2026
4892
1126
7164
3923
2445
1901
148
5969
5483
3581
1372
7647
5872
3901
9870
8450
8462
3122
9906
5627
1889
9333
1786
8054
7479
1286
3858
8688
3379
3753
3539
4388
5247
897
8885
3184
3042
2080
1288
8518
6160
5698
7092
8493
8140
1403
2935
7230
8379
5821
3847
4944
9895
6916
1798
6703
6961
3918
2969
4874
6474
4650
1241
3468
9495
4593
5769
151
4831
8905
2090
115
4941
3463
7922
8377
6950
7090
2484
1574
1016
2443
8193
3204
44
5161
5630
9113
5378
8650
2837
9309
4906
4019
9167
9210
9047
8316
6225
8934
9829
3449
858
3679
1249
8133
430
4673
5496
3010
8474
4237
6025
4813
2662
2811
9463
1314
412
2765
8591
166
2541
1196
8829
665
3051
7225
6152
3792
2786
7015
7128
2128
6089
9894
2059
4728
906
8275
380
5469
3861
3092
9497
6828
8099
4138
5134
6364
7748
6638
4467
9045
5126
2781
3414
2068
947
4473
3154
67
64
9753
2946
8014
9970
5947
7410
5184
1086
9514
9747
3455
5766
1299
7643
9666
4824
6304
7672
6221
9472
2261
6756
7039
1846
940
6034
7651
8097
4381
8587
600
8832
7294
5663
8166
125
1668
255
6370
4478
7686
3017
2022
3134
1838
7538
2101
4408
5532
3801
9722
408
620
198
7628
5156
9163
5853
287
9993
7323
4907
1125
6023
6587
2788
3944
568
7227
8436
7197
4843
8657
7046
8711
5784
3008
8778
5371
8639
147
4090
626
2043
8177
9477
1775
8599
477
212
5636
8992
5974
1539
9670
1129
5943
335
8468
1711
676
6880
5178
8881
5459
5037
2971
8977
7456
5576
5315
3430
1293
1927
5578
5570
3149
3800
6412
8617
2341
6142
6993
7940
2635
587
1694
9840
8473
5294
2559
6168
4655
179
9662
9189
7154
896
5310
7249
8707
9404
8632
9887
3467
8924
8268
2809
9013
8712
1121
8890
9923
5188
3648
2618
8428
6645
3589
3749
8485
6926
9618
5420
3680
9890
7138
9445
1036
4784
1644
2296
7884
1854
3535
2328
4750
5770
7172
6923
8198
5411
3301
9549
9419
5504
6741
9547
8217
6904
2515
884
7909
618
7601
2775
9137
5259
733
7870
5236
939
8126
7388
1284
8277
223
9824
7704
4538
278
1698
5780
8218
2634
588
3258
9675
743
1794
6029
2725
368
5454
6836
1059
7415
7242
3600
7582
8341
7611
1400
3809
9678
8871
1461
5349
4415
3685
9540
8490
7162
4466
1939
9178
106
5192
6772
8803
4881
2912
2182
7025
3181
9620
1318
2987
1422
701
4642
3774
1057
6718
1572
3027
8093
8347
7758
7876
4691
2942
9749
3368
5269
8858
6501
724
3757
5083
3120
4963
1364
3920
6220
2964
5
1156
3276
4076
8583
3743
7827
9705
8019
5632
8325
5550
3952
1961
8768
4530
8240
8685
8581
9536
295
1985
3034
525
728
9656
5234
5558
3318
3300
2962
7226
548
375
8465
1998
1220
137
2033
3033
8261
9282
7366
9375
9345
6439
4856
842
2682
2902
5097
6581
844
7089
1344
3759
9827
5609
4711
4012
2343
5093
2576
3522
7839
2395
7279
4604
7966
482
8038
9500
6456
7764
2671
6561
9838
9750
7489
5575
9481
3855
7780
2291
3032
7997
9640
8863
1837
9185
6386
5196
455
4470
5039
2804
2646
3729
3053
2257
6319
442
755
5226
8569
5434
1657
3605
521
9904
378
6133
2124
2850
4041
2474
696
8008
7120
3257
7212
7517
8481
4885
4276
258
5164
3867
5931
8052
249
300
8951
1756
8799
954
1099
1800
3670
1778
4464
772
8506
5727
9458
2212
1562
2911
3916
7761
1519
3074
1384
1149
3872
2590
8896
2963
7253
1936
7378
3939
7071
7847
8484
2337
9442
597
241
3592
6032
1686
6258
445
112
3264
6204
2620
6754
5382
8084
7016
2865
9384
8594
7417
9535
2086
5308
2103
4996
1254
9900
2229
7349
8647
321
178
3208
5514
6625
3634
7208
7440
7289
9726
7700
1409
1615
1351
9386
3038
2862
5566
8070
2256
545
4028
9080
9955
2075
5934
8966
9560
669
2736
5639
4251
8845
8065
7462
5333
4285
8769
4379
7574
9169
9862
4873
706
9011
2385
1092
6657
7065
3625
8826
1771
5752
4515
1401
5021
3483
9809
4120
3232
6529
2747
7993
6631
6433
9936
874
7853
7477
4219
9398
7904
1924
177
4491
2143
4364
9543
5407
13
9565
8512
7028
3422
3381
7184
8846
9097
4474
7215
6774
5633
108
8838
9707
2642
3262
639
253
573
7483
6457
9257
6295
9469
8400
2426
5697
551
2481
7688
5623
4999
5927
9515
7621
873
9699
1658
5421
9337
3355
3559
8796
9393
5574
6733
7988
8257
1716
494
7676
7412
4038
6308
5460
3200
7894
560
4485
414
8605
7146
3173
224
5486
8367
4630
8289
3865
4448
5277
6881
29
8568
9928
1912
5987
1109
5572
6524
6685
4096
6623
865
