988
66
233
911
435
669
795
309
904
742
452
383
184
409
837
333
771
595
202
496
52
950
959
866
380
673
710
647
331
527
488
556
396
152
393
818
598
158
566
830
836
467
440
637
296
397
147
831
929
662
95
982
274
646
263
942
658
648
665
517
15
900
668
67
952
574
371
684
744
639
329
222
234
346
694
827
789
787
660
663
573
749
824
819
519
362
439
153
391
916
350
626
798
169
381
449
436
342
369
404
29
384
173
464
216
592
599
217
180
110
278
358
992
412
643
823
542
308
244
424
178
630
794
83
88
279
34
692
59
561
681
600
392
465
407
602
403
918
18
765
515
913
738
72
778
585
984
472
858
593
715
724
225
328
963
539
938
554
456
882
504
974
993
240
121
735
79
366
821
603
571
128
26
8
122
699
164
286
221
800
981
332
653
289
189
378
841
150
361
413
419
502
509
454
678
926
108
39
927
764
651
576
815
868
139
177
545
865
206
608
468
972
890
535
854
174
811
505
113
667
761
33
772
246
857
980
609
537
287
459
423
167
788
873
363
375
783
168
879
295
418
518
726
288
872
690
661
97
250
586
312
935
503
680
801
703
722
13
883
707
460
265
953
437
394
148
995
155
869
489
713
606
268
552
236
277
35
597
50
399
182
547
499
777
92
947
390
838
928
844
120
480
693
985
340
689
25
524
280
550
143
877
162
601
996
125
223
930
549
605
677
356
201
266
949
3
318
907
833
698
813
767
893
491
160
896
40
484
4
190
728
716
941
104
416
666
635
973
304
563
897
793
631
429
785
57
5
469
816
976
310
20
731
939
213
69
282
259
377
343
822
275
990
864
753
485
538
512
756
729
112
805
291
727
618
156
347
372
447
490
596
540
316
870
245
7
997
107
919
14
299
481
768
587
324
126
313
172
871
241
748
817
874
915
171
979
875
411
431
451
22
754
588
619
924
323
307
644
583
617
652
251
118
111
569
718
498
116
776
934
124
175
27
211
388
686
441
856
797
885
205
507
106
86
743
76
968
207
231
410
70
330
51
248
254
773
272
137
705
1
878
165
730
887
531
840
420
55
861
720
543
810
354
582
355
548
551
115
951
335
544
902
704
357
971
58
349
19
881
719
209
382
565
204
762
186
792
683
317
77
917
688
528
687
629
408
457
557
632
936
674
746
932
584
344
940
109
311
541
227
101
708
494
319
623
247
389
645
258
682
700
525
853
238
627
633
198
261
495
218
766
734
208
146
516
82
740
191
455
348
493
475
812
477
446
151
42
84
532
905
591
17
701
711
374
188
991
846
376
862
962
641
31
989
636
903
462
750
736
11
249
44
998
448
445
235
270
634
179
339
892
522
176
367
828
56
909
36
30
6
466
195
427
21
612
85
426
140
166
64
28
607
417
709
843
957
510
90
49
501
969
675
604
405
624
398
163
255
461
791
614
203
640
75
790
732
73
781
562
243
999
71
664
262
321
322
37
157
621
809
285
12
921
430
102
553
283
93
141
848
260
888
923
741
803
960
43
725
41
325
650
506
958
642
193
839
497
402
406
983
526
945
670
54
185
760
671
474
443
483
975
337
212
38
977
786
98
292
613
149
820
89
181
320
842
210
808
782
294
685
492
855
978
774
220
559
269
450
305
931
628
359
400
964
214
806
401
829
476
906
622
966
486
224
194
290
514
898
297
961
970
53
46
385
696
154
946
568
442
105
745
65
780
581
589
656
119
717
470
757
352
81
625
832
876
230
901
298
616
752
200
315
884
326
763
45
733
273
775
835
48
229
100
300
536
196
521
463
144
965
226
572
199
933
513
276
758
570
845
68
943
799
579
672
365
136
659
826
161
755
849
303
889
386
364
133
134
655
306
863
87
867
679
500
895
253
256
851
914
373
132
691
702
257
219
478
414
852
564
314
937
438
886
891
880
433
360
47
94
654
967
327
721
804
1000
814
252
638
860
16
520
615
611
267
920
428
610
239
61
706
458
944
899
96
60
421
353
117
9
99
23
747
770
948
32
922
379
24
103
301
739
237
955
271
242
620
912
594
796
284
142
370
432
183
737
894
215
560
293
807
714
453
351
187
479
590
341
434
847
825
264
769
471
529
511
129
138
197
336
334
281
657
859
649
10
575
530
508
62
123
695
232
302
577
444
558
74
578
114
523
925
487
850
135
368
956
567
723
338
784
759
482
546
954
170
994
345
228
580
910
986
533
2
387
555
422
80
425
712
159
91
779
145
751
130
415
78
395
473
697
676
908
534
987
127
63
834
802
131
192
