520
169
148
886
910
289
158
434
623
701
121
710
708
202
391
181
431
519
130
976
726
471
255
695
230
583
792
525
719
447
145
144
903
613
54
885
661
185
111
685
850
264
730
483
673
463
249
748
405
350
345
591
576
787
847
864
863
279
663
388
893
401
138
727
656
489
739
372
351
131
428
428
442
435
341
158
727
180
180
641
542
4
987
315
794
987
925
436
668
177
182
859
124
990
716
836
59
617
145
941
828
855
842
263
728
971
53
714
889
331
492
383
251
799
506
780
839
697
604
239
309
906
386
775
749
667
756
211
65
888
523
260
107
71
199
332
141
277
984
629
885
289
272
415
344
896
130
115
652
88
166
19
769
50
443
54
877
454
804
662
351
513
167
116
963
460
53
21
811
546
190
939
543
306
984
682
7
519
186
280
199
387
449
839
180
310
866
551
424
815
524
92
335
177
107
337
509
82
544
453
685
166
871
976
838
474
23
578
760
680
434
440
496
477
741
502
34
1
711
192
295
563
154
100
133
32
281
271
798
33
801
237
90
68
855
222
45
838
580
762
760
734
807
268
701
7
99
883
412
446
489
427
942
443
827
105
612
750
968
990
651
372
781
522
100
337
687
67
904
817
159
236
747
550
254
301
246
507
770
133
827
807
71
769
416
577
206
59
888
577
415
997
982
352
857
866
450
405
723
791
750
709
802
782
132
827
996
742
406
237
490
137
917
825
733
848
428
83
497
31
628
326
692
585
200
378
876
181
655
174
626
297
25
942
442
270
876
753
704
925
941
871
813
797
948
802
722
694
419
276
931
572
109
533
459
358
19
835
878
224
987
443
388
551
336
274
840
826
198
935
233
862
112
1000
864
163
986
463
792
950
44
505
224
864
492
470
933
209
950
60
243
18
187
101
234
896
16
907
751
447
154
19
250
37
97
639
610
539
312
202
315
356
689
401
905
666
445
329
63
992
77
856
59
17
941
44
168
757
970
464
512
802
100
171
700
685
24
342
435
346
329
770
637
60
151
677
601
274
562
941
6
344
759
424
120
57
593
83
790
245
629
540
672
517
391
633
729
872
768
677
536
689
482
836
208
555
234
784
317
741
180
32
445
381
671
147
735
316
562
732
31
203
728
686
1000
72
194
387
43
665
632
846
848
842
875
387
921
520
712
972
274
849
437
528
665
512
81
650
757
986
196
665
145
778
879
221
723
500
326
889
70
69
895
643
381
202
763
650
331
89
692
545
614
712
841
922
823
943
768
264
760
262
764
717
314
654
756
384
582
827
983
892
777
407
246
692
449
817
125
956
276
613
317
605
899
634
122
23
45
872
63
67
730
81
166
989
337
568
2
997
146
371
364
246
501
878
775
409
47
415
844
448
57
481
265
700
736
649
323
772
212
206
87
772
327
747
775
269
89
5
168
467
636
71
543
876
651
662
743
838
944
738
387
737
610
467
337
134
927
547
406
370
253
491
993
436
807
393
357
52
29
165
537
174
748
141
393
906
129
62
409
620
924
866
567
903
224
623
212
324
721
792
94
74
546
651
517
986
145
200
82
224
320
313
191
909
432
489
94
842
303
748
182
608
82
481
244
486
769
174
315
972
825
426
443
614
385
309
534
184
703
78
11
351
874
753
255
653
676
324
912
198
23
497
404
854
888
504
794
613
80
569
623
47
374
711
704
367
743
839
680
307
11
869
841
752
243
553
234
847
579
441
130
106
884
89
477
862
546
624
679
502
51
279
349
115
24
515
646
892
866
31
49
351
70
585
137
447
709
410
536
288
368
194
253
552
464
950
522
498
675
35
975
362
390
338
420
514
76
417
882
712
907
82
411
641
943
314
944
144
920
258
642
709
697
823
470
902
780
444
285
217
284
63
63
404
405
365
973
836
670
22
787
187
552
810
808
45
734
156
487
62
223
218
411
762
701
393
71
329
354
548
427
646
627
823
895
535
250
475
251
719
926
5
580
182
44
386
339
34
397
868
250
753
962
929
890
661
723
221
982
168
232
655
8
238
870
702
970
211
966
540
686
997
236
71
789
634
818
150
68
474
772
142
964
454
128
943
787
498
336
803
376
841
623
142
987
650
776
508
160
30
353
101
891
151
770
912
21
872
499
455
585
860
561
80
751
995
29
656
99
210
351
264
709
460
907
695
99
272
362
511
618
40
929
293
318
339
967
999
384
446
459
575
912
519
564
806
194
803
733
431
618
234
103
349
455
428
265
244
970
67
556
897
576
803
937
36
717
174
196
375
809
531
938
145
214
623
664
636
