1000
1000
999
997
997
997
996
995
993
992
990
990
989
987
987
987
987
986
986
986
984
984
983
982
982
976
976
975
973
972
972
971
970
970
970
968
967
966
964
963
962
956
950
950
950
948
944
944
943
943
943
942
942
941
941
941
941
939
938
937
935
933
931
929
929
927
926
925
925
924
922
921
920
917
912
912
912
910
909
907
907
907
906
906
905
904
903
903
902
899
897
896
896
895
895
893
892
892
891
890
889
889
888
888
888
886
885
885
884
883
882
879
878
878
877
876
876
876
875
874
872
872
872
871
871
870
869
868
866
866
866
866
864
864
864
863
862
862
860
859
857
856
855
855
854
850
849
848
848
847
847
846
844
842
842
842
841
841
841
840
839
839
839
838
838
838
836
836
836
835
828
827
827
827
827
826
825
825
823
823
823
818
817
817
815
813
811
810
809
808
807
807
807
806
804
803
803
803
802
802
802
801
799
798
797
794
794
792
792
792
791
790
789
787
787
787
784
782
781
780
780
778
777
776
775
775
775
772
772
772
770
770
770
769
769
769
768
768
764
763
762
762
760
760
760
759
757
757
756
756
753
753
753
752
751
751
750
750
749
748
748
748
747
747
743
743
742
741
741
739
738
737
736
735
734
734
733
733
732
730
730
729
728
728
727
727
726
723
723
723
722
721
719
719
717
717
716
714
712
712
712
711
711
710
709
709
709
709
708
704
704
703
702
701
701
701
700
700
697
697
695
695
694
692
692
692
689
689
687
686
686
685
685
685
682
680
680
679
677
677
676
675
673
672
671
670
668
667
666
665
665
665
664
663
662
662
661
661
656
656
655
655
654
653
652
651
651
651
650
650
650
649
646
646
643
642
641
641
639
637
636
636
634
634
633
632
629
629
628
627
626
624
623
623
623
623
623
620
618
618
617
614
614
613
613
613
612
610
610
608
605
604
601
593
591
585
585
585
583
582
580
580
579
578
577
577
576
576
575
572
569
568
567
564
563
562
562
561
556
555
553
552
552
551
551
550
548
547
546
546
546
545
544
543
543
542
540
540
539
537
536
536
535
534
533
531
528
525
524
523
522
522
520
520
519
519
519
517
517
515
514
513
512
512
511
509
508
507
506
505
504
502
502
501
500
499
498
498
497
497
496
492
492
491
490
489
489
489
487
486
483
482
481
481
477
477
475
474
474
471
470
470
467
467
464
464
463
463
460
460
459
459
455
455
454
454
453
450
449
449
448
447
447
447
446
446
445
445
444
443
443
443
443
442
442
441
440
437
436
436
435
435
434
434
432
431
431
428
428
428
428
427
427
426
424
424
420
419
417
416
415
415
415
412
411
411
410
409
409
407
406
406
405
405
405
404
404
401
401
397
393
393
393
391
391
390
388
388
387
387
387
387
386
386
385
384
384
383
381
381
378
376
375
374
372
372
371
370
368
367
365
364
362
362
358
357
356
354
353
352
351
351
351
351
351
350
349
349
346
345
344
344
342
341
339
339
338
337
337
337
337
336
336
335
332
331
331
329
329
329
327
326
326
324
324
323
320
318
317
317
316
315
315
315
314
314
313
312
310
309
309
307
306
303
301
297
295
293
289
289
288
285
284
281
280
279
279
277
276
276
274
274
274
272
272
271
270
269
268
265
265
264
264
264
263
262
260
258
255
255
254
253
253
251
251
250
250
250
249
246
246
246
245
244
244
243
243
239
238
237
237
236
236
234
234
234
234
233
232
230
224
224
224
224
223
222
221
221
218
217
214
212
212
211
211
210
209
208
206
206
203
202
202
202
200
200
199
199
198
198
196
196
194
194
194
192
191
190
187
187
186
185
184
182
182
182
181
181
180
180
180
180
177
177
174
174
174
174
171
169
168
168
168
167
166
166
166
165
163
160
159
158
158
156
154
154
151
151
150
148
147
146
145
145
145
145
145
144
144
142
142
141
141
138
137
137
134
133
133
132
131
130
130
130
129
128
125
124
122
121
120
116
115
115
112
111
109
107
107
106
105
103
101
101
100
100
100
99
99
99
97
94
94
92
90
89
89
89
88
87
83
83
82
82
82
82
81
81
80
80
78
77
76
74
72
71
71
71
71
71
70
70
69
68
68
67
67
67
65
63
63
63
63
62
62
60
60
59
59
59
57
57
54
54
53
53
52
51
50
49
47
47
45
45
45
44
44
44
43
40
37
36
35
34
34
33
32
32
31
31
31
30
29
29
25
24
24
23
23
23
22
21
21
19
19
19
18
17
16
11
11
8
7
7
6
5
5
4
2
1
