1
2
4
5
5
6
7
7
8
11
11
16
17
18
19
19
19
21
21
22
23
23
23
24
24
25
29
29
30
31
31
31
32
32
33
34
34
35
36
37
40
43
44
44
44
45
45
45
47
47
49
50
51
52
53
53
54
54
57
57
59
59
59
60
60
62
62
63
63
63
63
65
67
67
67
68
68
69
70
70
71
71
71
71
71
72
74
76
77
78
80
80
81
81
82
82
82
82
83
83
87
88
89
89
89
90
92
94
94
97
99
99
99
100
100
100
101
101
103
105
106
107
107
109
111
112
115
115
116
120
121
122
124
125
128
129
130
130
130
131
132
133
133
134
137
137
138
141
141
142
142
144
144
145
145
145
145
145
146
147
148
150
151
151
154
154
156
158
158
159
160
163
165
166
166
166
167
168
168
168
169
171
174
174
174
174
177
177
180
180
180
180
181
181
182
182
182
184
185
186
187
187
190
191
192
194
194
194
196
196
198
198
199
199
200
200
202
202
202
203
206
206
208
209
210
211
211
212
212
214
217
218
221
221
222
223
224
224
224
224
230
232
233
234
234
234
234
236
236
237
237
238
239
243
243
244
244
245
246
246
246
249
250
250
250
251
251
253
253
254
255
255
258
260
262
263
264
264
264
265
265
268
269
270
271
272
272
274
274
274
276
276
277
279
279
280
281
284
285
288
289
289
293
295
297
301
303
306
307
309
309
310
312
313
314
314
315
315
315
316
317
317
318
320
323
324
324
326
326
327
329
329
329
331
331
332
335
336
336
337
337
337
337
338
339
339
341
342
344
344
345
346
349
349
350
351
351
351
351
351
352
353
354
356
357
358
362
362
364
365
367
368
370
371
372
372
374
375
376
378
381
381
383
384
384
385
386
386
387
387
387
387
388
388
390
391
391
393
393
393
397
401
401
404
404
405
405
405
406
406
407
409
409
410
411
411
412
415
415
415
416
417
419
420
424
424
426
427
427
428
428
428
428
431
431
432
434
434
435
435
436
436
437
440
441
442
442
443
443
443
443
444
445
445
446
446
447
447
447
448
449
449
450
453
454
454
455
455
459
459
460
460
463
463
464
464
467
467
470
470
471
474
474
475
477
477
481
481
482
483
486
487
489
489
489
490
491
492
492
496
497
497
498
498
499
500
501
502
502
504
505
506
507
508
509
511
512
512
513
514
515
517
517
519
519
519
520
520
522
522
523
524
525
528
531
533
534
535
536
536
537
539
540
540
542
543
543
544
545
546
546
546
547
548
550
551
551
552
552
553
555
556
561
562
562
563
564
567
568
569
572
575
576
576
577
577
578
579
580
580
582
583
585
585
585
591
593
601
604
605
608
610
610
612
613
613
613
614
614
617
618
618
620
623
623
623
623
623
624
626
627
628
629
629
632
633
634
634
636
636
637
639
641
641
642
643
646
646
649
650
650
650
651
651
651
652
653
654
655
655
656
656
661
661
662
662
663
664
665
665
665
666
667
668
670
671
672
673
675
676
677
677
679
680
680
682
685
685
685
686
686
687
689
689
692
692
692
694
695
695
697
697
700
700
701
701
701
702
703
704
704
708
709
709
709
709
710
711
711
712
712
712
714
716
717
717
719
719
721
722
723
723
723
726
727
727
728
728
729
730
730
732
733
733
734
734
735
736
737
738
739
741
741
742
743
743
747
747
748
748
748
749
750
750
751
751
752
753
753
753
756
756
757
757
759
760
760
760
762
762
763
764
768
768
769
769
769
770
770
770
772
772
772
775
775
775
776
777
778
780
780
781
782
784
787
787
787
789
790
791
792
792
792
794
794
797
798
799
801
802
802
802
803
803
803
804
806
807
807
807
808
809
810
811
813
815
817
817
818
823
823
823
825
825
826
827
827
827
827
828
835
836
836
836
838
838
838
839
839
839
840
841
841
841
842
842
842
844
846
847
847
848
848
849
850
854
855
855
856
857
859
860
862
862
863
864
864
864
866
866
866
866
868
869
870
871
871
872
872
872
874
875
876
876
876
877
878
878
879
882
883
884
885
885
886
888
888
888
889
889
890
891
892
892
893
895
895
896
896
897
899
902
903
903
904
905
906
906
907
907
907
909
910
912
912
912
917
920
921
922
924
925
925
926
927
929
929
931
933
935
937
938
939
941
941
941
941
942
942
943
943
943
944
944
948
950
950
950
956
962
963
964
966
967
968
970
970
970
971
972
972
973
975
976
976
982
982
983
984
984
986
986
986
987
987
987
987
989
990
990
992
993
995
996
997
997
997
999
1000
1000
