9129
360
8062
5474
490
6102
9822
3382
7621
3292
3568
9033
6885
5397
9988
4745
3590
8913
465
7840
9118
5928
1079
1056
895
3321
8581
4825
9518
4051
1717
4631
3037
2351
6605
7424
1146
404
8992
8842
316
3017
4394
5527
9464
7385
9097
3213
6368
6671
3582
3242
8269
9008
9282
5661
7324
4833
8869
6622
8065
5996
2856
4764
3203
6811
3027
971
7716
2844
3821
7548
6286
2037
6844
5331
3066
1315
5098
6828
8446
925
9309
1230
6933
4787
5199
7332
8241
7770
942
7335
1834
1570
6064
5295
9694
1263
3526
7026
3035
8234
1108
144
5710
3793
486
9437
4234
8735
6260
9189
2088
7195
2887
4596
2300
8248
5329
6872
7121
7582
19
1680
3936
6570
5976
1869
3324
9529
2819
4011
1195
7338
8208
8745
91
6641
2113
6594
3843
7279
9556
2308
168
7049
3204
9680
822
4063
1367
9592
8108
2530
1273
3473
8300
7742
4880
2094
4985
8643
7398
9199
5629
5698
3085
3500
5256
8229
7186
2473
4968
1059
4552
7591
8719
6646
4311
6888
3703
6269
860
1095
4440
5593
7299
3074
8273
6649
4433
4644
1987
5345
2807
3173
8005
436
1348
2999
615
7634
7265
9901
9345
5122
8451
5643
2089
7898
2415
9423
9241
8442
1361
6490
881
2481
3466
6154
8102
9987
8818
2294
1937
1195
1288
5822
6103
8991
9014
8305
9313
8837
2373
3022
8199
6458
5873
8079
6656
8427
2485
6290
9985
287
8865
8083
8888
234
4979
9086
4992
3063
4655
1976
8697
3712
5975
1365
3482
6873
776
743
9840
8522
8586
2015
2283
8271
7559
4997
1863
2495
4862
3502
4223
9725
806
1622
8710
4051
2828
843
5359
5160
9791
8747
6799
6721
1770
9978
505
8947
9538
9424
9044
872
9463
9319
8984
6788
6569
4295
1449
5433
1975
1747
3258
6122
7736
1186
5723
2200
9870
4360
2215
9887
7513
236
4187
8327
1648
2237
3941
7428
4036
7985
5319
7135
7614
7926
7615
8096
9660
2979
5001
5896
5865
6536
8638
6212
605
3839
8061
6634
9916
433
1695
8636
6451
6509
5068
4011
8383
3518
1646
2549
3721
5186
9093
9325
9169
8681
7639
197
4758
3090
8051
9366
5336
7379
5860
952
439
9905
3070
6280
6376
5680
7968
1305
2866
758
4374
8257
8394
3420
8426
1112
2427
8467
4523
6223
2621
3314
4236
3861
1277
3031
4066
7889
3541
5307
7416
4921
2547
1042
6090
9327
920
2377
6962
2329
7652
9113
652
6334
1473
4105
9794
652
4420
8764
7894
6268
9832
2404
9973
4471
5692
3434
4844
7024
415
2991
5657
5247
160
2
1903
1360
736
5020
7942
2530
9369
2405
3656
205
4752
1418
4219
1787
5901
9750
4966
1688
5231
6216
5309
186
5441
5180
7317
6570
1125
7963
7641
3255
5588
8983
7853
6704
2931
606
2631
7924
5903
3479
126
6832
5928
8288
8833
6637
7192
4089
2710
1757
6685
7888
5461
26
2785
1317
133
9469
4638
6922
8663
3005
6358
6723
2153
2974
8959
4907
7821
2790
4140
4562
215
507
2263
7314
4430
9459
3709
3141
84
5082
5711
232
9596
5521
8854
2135
1130
2216
2701
9054
5112
4998
6200
3439
4082
3840
2748
1829
3448
217
8771
7626
5401
2079
5750
8458
1029
5475
5439
6250
4331
4613
3749
5524
2671
850
9672
5761
9877
6756
9512
2611
7835
7729
4753
6666
9122
1836
7011
6357
106
3296
8029
2935
3372
4038
2285
7922
6072
5590
9364
354
3730
5148
7657
9148
947
6495
3268
6337
6903
5390
9820
2970
4271
5620
4311
9775
9036
7227
3364
6936
4359
7902
713
9818
9405
2672
9399
8599
929
3656
482
3215
5986
6778
55
2069
960
4386
1001
2245
9539
8056
3876
9357
5006
7006
3756
6037
242
747
8699
420
8503
1004
4823
9179
6014
8904
3619
1563
9456
3460
9514
719
5372
9596
9240
1494
3633
8791
6321
8419
443
3879
3633
2125
3299
7157
1498
6758
9421
9286
834
3346
5197
7452
9247
7513
2230
6251
8196
3806
1910
4549
4197
2802
1881
6402
134
2205
9712
3120
9262
4100
1140
4329
3010
152
5473
2069
7535
1244
9503
2434
5866
5514
1664
7226
972
9100
1223
6358
1433
2653
6212
3559
4604
8706
3324
1865
88
3281
5646
1735
6709
4772
7580
4378
3553
9317
3197
7886
8719
2435
2168
2798
1853
149
1995
9409
152
5390
7593
2492
8245
9063
2975
9302
6906
8441
6912
9644
6485
6737
7531
8876
7972
2202
8092
9168
953
4898
1881
3974
2512
1560
7739
5320
2008
6242
8246
7431
7977
7830
4227
528
6638
1638
7302
5023
6176
9639
6413
6424
1884
7390
8705
755
7912
9391
3893
7341
32
523
956
8405
3613
483
1508
2607
8501
1304
421
3989
5696
442
2572
8262
9253
2724
3016
8633
9457
6802
3319
4437
9454
4679
420
2882
7211
5646
2829
4168
1463
112
231
1063
5575
2361
1224
8198
5767
830
3977
9425
1734
8207
8661
6178
8877
4122
3304
4823
4573
6720
6790
2650
1798
2830
7463
7468
4438
5376
9749
126
9601
8695
3360
944
2761
5187
5059
5681
3743
7057
8305
5979
4198
7394
2169
7134
5878
1895
4650
6470
1283
900
6609
6070
3392
1083
537
2338
540
3760
9024
2092
9797
7242
2052
6750
6547
722
3987
927
3758
9099
7559
5670
2584
3795
1294
5405
7127
3286
516
1600
3353
5950
7880
6430
4603
3253
9540
1872
6651
8691
2851
8152
9926
8477
6907
8170
1183
5743
211
2999
2684
2337
6115
9897
8292
710
2649
7764
781
5069
1924
9526
9789
1608
5842
761
2386
572
7952
512
7188
230
7982
2145
7409
8655
660
6587
4474
631
1281
177
2120
7310
4243
3726
429
1500
4640
3353
4258
1966
402
1340
2541
275
5201
8243
9635
7786
2632
376
298
6147
1230
8508
435
9368
9583
6715
2026
8907
6059
8519
3526
9723
9675
5709
4785
8239
425
5062
5185
7320
3382
1898
5608
9420
8575
7457
9466
1534
674
5096
1075
8878
5129
3289
1090
5371
9381
3436
643
7768
951
7843
2248
5427
4209
2089
2265
9610
8249
4364
1779
8193
3238
6494
2209
2447
1166
2201
9258
8459
8630
5765
2432
7009
4716
5753
6449
1594
4138
3179
5501
5663
7551
409
5593
7854
1312
9891
3366
1341
1709
4104
7162
4060
1548
7277
1507
8305
5918
4047
590
481
4626
3451
349
4706
7691
522
5226
1622
7244
4695
9615
9444
7954
5829
7509
9414
5790
4120
6902
5410
6832
3874
7276
7175
5262
9238
5836
9406
455
7418
5035
797
4273
5456
5847
8005
6927
3633
2434
8415
2445
2297
1622
8609
1981
2941
4543
2233
3366
1055
7648
1191
3004
5103
4419
5465
7782
2073
6019
4241
7960
8276
8712
5254
3344
9810
8256
1606
8908
992
7733
8921
2283
4533
3518
6572
5208
3986
9048
9210
9239
7314
6648
7522
8746
1685
4912
6598
3826
6976
7721
4847
35
1911
6760
5522
4148
2156
7754
3876
8082
8217
8353
2267
3803
6954
5046
7311
115
2364
7165
2395
8146
5749
113
6756
110
2858
6860
1896
7447
5022
7775
5503
8761
8829
8335
5699
9817
2914
8465
1254
6063
6337
6711
8335
2942
2750
1583
9033
6711
5930
9792
1994
2844
3344
4317
3430
3558
8014
5022
4348
1851
8309
5816
2374
1759
8859
8044
7182
8070
9477
4489
2169
7250
5928
2660
6003
9232
5862
2619
2140
9187
7344
8479
1260
3618
1863
5549
1161
7007
337
9991
9372
974
636
4042
5765
7154
2280
442
4892
3244
2067
8898
6949
5967
1567
8678
2869
4778
8954
1854
3236
5874
306
557
8572
1589
1600
2232
9252
6478
2903
7479
9788
4989
5135
4620
2906
9830
9812
1525
5996
2876
6856
6318
5168
4463
5357
8542
7113
4612
9684
7139
9252
9552
6651
7361
490
4964
5937
3227
1116
854
6372
4011
5300
2976
1825
3026
6443
8955
2044
7406
7657
2969
3508
6985
9729
2857
8932
3982
9667
4815
2091
9774
3311
8950
180
8051
6200
7693
6222
2823
2050
4067
2484
5592
5578
8774
4438
8880
6131
6667
7996
3196
5433
2774
1281
2328
6208
1633
7294
7872
6356
604
570
8606
3983
8597
3114
54
1657
5699
8013
3517
9191
4277
3522
9825
8799
3598
6904
3792
5242
1847
674
3136
6928
2787
1037
2651
7876
305
8059
8172
4865
6740
5470
1742
1446
6066
4891
4834
9521
6706
5133
226
6507
6768
8798
7803
382
3818
8977
8842
8149
8309
6619
4675
7078
6950
8056
202
5711
4871
287
4051
6153
121
165
5221
6882
4116
4481
7773
6421
1580
8886
48
2293
4637
3493
8146
5755
9868
3622
2583
6595
5608
5071
7744
7137
780
7172
9072
4620
9366
2870
1805
9167
2600
1874
4184
5481
6751
1140
9567
8568
7529
2165
5090
2191
7412
426
5676
8147
1147
6912
168
8739
4927
1953
5483
1088
5076
8632
7386
2453
7012
58
5362
9181
2723
1600
462
9319
8132
7557
1220
915
6440
6360
2413
5798
2674
9119
6156
8554
7868
8628
9744
6895
2487
3084
4648
4286
9405
8081
1965
4229
1949
8935
7168
4334
2467
4448
7442
1574
6538
1650
365
8401
8749
5068
9091
1446
5935
3322
6023
5505
3574
3024
7447
2173
6969
6400
4105
9658
9816
1474
3702
4497
9681
2024
8046
5087
8812
6535
1700
3991
446
489
6014
4239
8047
8930
4462
322
8192
5497
7555
3641
9512
6165
6908
8281
6718
636
3619
587
1875
1100
3190
6631
6422
5250
8284
4894
2071
8531
3277
2348
5472
5336
8644
3472
9610
1047
7398
5675
9592
1251
1826
6470
7181
3042
1717
7550
7947
3904
3716
620
11
7279
7940
8036
2579
143
8552
5574
4185
4263
5750
516
5444
9135
8153
7238
2940
8872
5964
20
9234
8849
7665
1382
7462
4321
1472
5122
3482
394
2304
5279
9467
995
8784
6775
9519
1863
4834
2749
9209
1829
4530
3295
7973
4070
3086
8654
8526
2997
224
3639
6187
7101
2835
7828
5956
3012
2618
8382
953
1319
393
5473
2090
2968
3427
2904
6820
2673
8348
1773
6466
3098
7431
3204
1102
2308
8190
8651
4139
5559
8422
3524
8162
2674
9858
7528
7633
856
422
6098
5979
6383
6123
8600
4187
6636
8724
5634
6932
8930
6185
1745
2425
9303
7639
216
6658
5037
3692
7342
6736
2781
5188
5586
2434
922
4002
4056
421
2975
5949
8330
4854
6182
8345
303
7062
7340
1732
9551
9115
8863
1124
8576
5005
6714
769
2084
6604
4718
9063
5352
6380
8081
7187
7034
819
9033
6517
1400
7502
37
6016
8796
9755
1322
5958
9698
7609
3990
6621
276
9410
7288
2069
8534
9689
585
8017
4523
9780
3807
7224
7736
7398
7736
4718
2522
2499
6354
1653
1878
2880
4365
5369
5153
5477
7107
1475
6689
8444
2323
3327
9577
7609
8390
2579
5062
1795
9825
3041
2115
6869
655
5116
3206
3164
1358
7576
5040
8390
550
8872
7113
3557
5999
1786
3723
2000
9078
3962
3867
8616
221
2497
6036
1280
1093
897
5714
9305
6207
2433
4714
8661
1400
7249
7990
5942
9261
2297
5816
426
5754
3875
5636
4644
9376
5858
3753
4374
3857
3068
5864
1680
8414
6840
8080
9142
3437
3829
1526
6208
2855
8551
577
4593
7712
6027
1168
7124
1575
7579
7427
8826
5005
20
579
5436
1893
3115
1164
3304
1766
1585
4223
4344
549
72
7160
649
9674
6110
7439
2451
706
2671
5513
5039
5583
4766
8156
446
1901
4442
2506
4013
4
5248
5636
6307
8350
6781
8962
3612
3763
7709
7847
1337
5826
1710
9631
3647
6974
6647
6257
5490
6065
5230
653
7405
3396
7314
2987
1726
2547
8249
5040
3510
6897
8331
7409
9732
374
4172
5427
9339
4374
2673
9661
1732
2180
727
1166
2528
4407
2807
2735
6355
8745
3543
6979
1275
2384
8652
9682
5545
7245
5263
5184
182
946
8582
1791
9237
1261
9331
7189
3659
9104
9978
5657
5434
6725
720
5603
6471
2630
4901
1490
9132
9579
4073
7072
7355
2590
8512
2096
4933
3999
5873
8091
3823
7438
2072
6736
6265
855
6589
6918
3427
2976
2975
8794
139
2984
5413
3437
3288
4253
9677
204
2017
9609
1958
5059
401
4714
311
4494
1455
178
4591
2481
5991
968
4976
8886
5094
7460
7722
7453
4074
7313
9189
650
523
8212
4605
1449
5328
7730
4019
1887
9035
2491
632
69
7960
1785
4828
5450
5289
3103
5816
5849
8381
8799
4457
5786
6799
1184
9984
372
6237
6876
9733
3707
255
3190
6527
8496
1452
3126
8791
5882
2886
491
5088
3572
2346
9810
1166
6697
5969
419
8112
6840
7165
6283
4983
188
910
1481
4777
9387
5889
2543
7894
8410
5625
4801
5132
4208
3152
4242
4428
6266
1259
7147
1172
7096
7683
2294
8050
9077
4459
5602
3884
7085
3040
243
6379
1226
4564
5284
9225
2169
8610
6334
3248
3804
6213
2236
4588
7950
1778
8855
3969
3159
6105
3267
8794
4758
867
6029
993
7918
4405
9421
9300
9891
5520
22
7274
1173
3115
8042
8665
5840
345
103
375
1508
8108
2281
7467
8676
9739
9336
3738
6185
5148
1897
8242
4883
9355
6637
9139
5580
1728
6376
2529
9091
6783
8209
9837
5727
8217
6985
6008
8966
1196
4506
2041
8186
129
7203
7705
621
6630
672
8892
2946
726
7791
3232
5965
9601
4025
4730
4998
2233
48
6929
3473
5204
9464
6885
7249
7180
9484
2646
1346
1099
7097
2339
8901
2157
8215
9845
7076
586
8588
5148
6805
2531
6637
6486
6659
4899
1818
9154
1294
5244
1355
7199
7164
180
9481
2055
9275
2245
2496
7763
6728
944
5758
9121
3819
3581
3595
7510
1628
2767
2519
7313
5356
9859
2397
8253
1146
6472
8812
4483
1351
1169
3724
5575
2816
7573
9927
1637
8534
7049
623
98
669
4651
6915
9362
1133
2217
1357
3203
691
7002
196
9143
1670
3193
2251
6013
9870
9445
2498
912
1343
3084
6565
1826
4604
5173
9539
212
5743
4223
9447
6859
9451
3830
5409
6182
9238
6086
3
6814
9875
5820
8505
8928
2546
3764
8602
9492
2973
23
4034
1811
2259
6281
301
6078
6413
5825
7690
2306
2879
5511
8238
9349
1339
6311
9529
418
3957
9752
8825
6274
8229
138
6627
2420
9747
4589
4212
7213
2351
270
869
89
3152
1742
8012
6551
3156
8425
8104
4194
3983
8519
4293
1634
4293
6508
6859
5328
1453
264
2781
251
4545
6396
4100
2614
7056
7468
7637
778
8069
9077
6275
5388
6212
3000
9661
1169
4644
2886
5302
793
4562
8372
5878
3823
5218
8028
2103
6317
6785
2192
1091
8374
4006
5089
9946
3809
9152
2143
5843
9081
9354
7826
9772
3706
1559
5826
5647
5302
2398
853
6726
4809
6852
4323
4656
7381
5288
9395
9012
4232
3416
3215
2696
1794
149
2092
2940
2261
3365
7256
7971
6511
5638
4321
5974
1535
4775
783
6221
6041
7367
9032
2460
8188
9957
2950
2535
4005
6561
6383
4990
9058
5512
1185
4235
2680
3628
4186
6838
8227
9319
7976
251
1515
3489
9050
4367
5710
611
3345
2974
9444
3988
3802
7790
8285
6661
6723
3479
3389
2501
3195
5738
8714
8587
4270
3574
6023
6141
1857
8051
6309
3639
705
2117
5835
8120
1630
3553
4561
2562
9867
9696
4802
2085
4651
3612
6466
9178
2835
4489
346
6380
119
7057
4118
7799
4752
6799
3824
1069
2314
1382
3331
6441
3601
3754
8511
3068
8925
2580
3197
1619
3711
1472
2399
7888
1916
1874
3640
9539
3021
5778
4666
8953
4383
6282
6391
3409
3971
5570
8488
628
7093
8
3561
8616
2651
3467
3275
4518
4499
2301
3274
9479
2144
3380
637
1452
3686
2795
7501
8106
1428
924
8483
7986
2084
8261
1757
5666
6976
2961
1104
7598
5686
2382
3132
2444
6443
2932
7823
1670
7638
1645
496
5650
5697
1990
2050
4498
6199
8197
1831
3241
1595
6414
2397
3950
2514
1900
9039
9033
7859
4716
4205
2496
3516
2278
17
6991
885
1274
6336
8004
9818
986
8170
2297
4312
51
2089
8196
2959
9722
6501
6780
2812
1487
7949
3637
791
890
8248
3109
9821
1090
3857
1094
9035
8651
8668
9152
7303
1653
9104
5298
3942
2002
4093
3176
1125
7723
1627
3086
5578
4756
9991
3282
8169
5139
6415
7239
3536
1871
8428
1239
1981
3073
4337
346
667
7047
1062
1612
5789
5052
295
3157
5969
2557
3567
2507
9205
3750
4523
7013
3852
2324
6325
4507
1589
8469
3969
7835
501
3139
5982
4942
6836
3499
5236
8889
8417
2869
1579
8250
8782
8297
7223
2604
8825
5603
5232
5907
1358
9327
2542
4412
1330
9397
4904
9824
5697
2364
3788
3268
2125
6538
1598
9951
5005
9325
5345
3350
9773
411
4412
6871
6068
9764
2740
8357
4199
7623
6892
6346
2928
4219
5972
6841
4750
8944
836
1236
4330
513
9570
5403
7270
2415
7981
1877
1569
4445
7899
787
6634
9116
4581
6290
9976
4318
50
8650
5735
30
839
3385
8627
3798
4945
8807
140
8273
9715
8074
3355
7738
5159
4165
5415
8989
3880
7689
4487
4884
8988
2869
2170
625
4074
7979
5274
3743
1337
6919
1705
7774
8983
78
1212
8119
8547
9209
4212
1115
9316
892
1280
682
7245
9210
687
2252
2657
1564
6609
5722
3779
5545
2960
113
9568
6960
220
1711
1171
1559
7304
9170
7823
7282
8079
3266
1014
2306
800
3175
9503
7298
8117
7012
3647
6067
1241
6741
3164
7278
6554
4089
6724
4365
5652
2615
6630
7646
714
3363
3248
8484
7230
4022
7480
559
2942
3780
7065
6068
257
8921
4335
5621
2864
2678
248
7205
2861
8923
3952
4759
5114
2317
6198
8754
2857
4155
369
4138
1588
4858
2575
8303
8913
6776
9336
5026
5541
6683
7591
4176
9535
1889
4398
34
6484
2475
822
1566
9034
4001
3991
9219
8361
9611
1221
8598
2174
701
4571
9650
354
3390
5455
9017
3432
6879
1612
6025
1937
652
9987
2293
5805
9804
7712
3809
3161
3673
1426
3514
4216
7965
6315
5025
8400
1083
7280
1652
6297
5129
3953
7952
1392
7335
5301
4315
8791
3203
4536
8869
6907
9503
7270
3856
5126
2966
2376
2771
8938
9635
4874
7580
7052
5944
4916
6729
4110
4873
4478
454
8658
1857
8588
4170
9632
4646
618
8507
5210
8095
8308
7268
4217
609
3092
9421
328
1259
9629
3789
3851
7539
2599
8461
8670
8222
8535
3056
7344
5213
6258
1879
2167
2559
5945
860
4663
5346
1107
237
9754
5232
9699
9746
6294
4169
63
4845
9831
3768
8300
6109
4512
5432
6964
3409
7741
5152
2125
6786
4514
6809
2166
7738
3077
9061
126
8258
7732
5313
2518
7894
4925
8171
75
7228
1746
723
9556
1247
4465
6727
4100
2134
4873
6227
8577
508
2764
7885
5306
9753
1109
9853
1188
7704
7526
6486
6183
6280
602
4844
1036
5090
2322
1598
5876
2468
7177
4782
5953
9820
253
2448
6650
8635
1420
4253
6749
7267
6444
9363
4043
1948
5990
4128
7748
4297
8042
6639
8638
3062
6914
2436
1785
2427
3947
3431
9653
8738
9849
8410
4521
2608
9001
635
4267
7223
361
5573
2319
4328
4944
1849
7235
3674
2136
8238
5675
7341
7401
7350
6978
3330
2970
1572
5317
4039
5109
2176
1864
1826
698
9907
4699
7688
3841
4913
2038
2700
4398
419
276
6653
2324
177
2362
1057
6394
62
4337
4088
8253
6037
6300
8396
8809
6539
6071
4470
68
9768
4991
4446
7680
2435
8192
3744
6244
5910
3330
610
3852
2322
8288
1156
2172
9501
1568
1895
7271
8739
3089
1494
9955
4343
7589
4799
8501
1031
4225
3735
9998
9909
5443
9964
2680
7041
1280
2749
8940
614
784
2974
1898
4209
7886
5668
855
3008
5248
6411
4919
8106
6410
4706
1927
1402
2138
786
4609
9471
6319
1223
6235
2681
5039
5003
1923
3902
5581
9899
2515
6471
7102
7218
8055
5352
5102
8615
6433
7847
904
2480
3134
9082
9239
5565
8195
7350
7121
5890
3269
8021
5977
9996
5701
9109
747
7813
3990
8967
6938
2216
3416
654
3111
7417
5694
300
4549
7637
554
4097
3582
6099
1345
8054
5481
5327
587
6620
2005
5488
7518
4190
7670
3950
3860
6572
5334
7435
1232
1535
6699
8783
4977
4720
8498
248
2583
6554
7903
6178
8955
8979
3013
2419
1482
5458
6179
2542
776
4296
5268
9135
5293
6670
5032
9932
4014
9369
930
4777
3351
3109
4624
3263
2597
5516
1504
4176
9904
3212
3510
7886
8967
4899
9475
8601
3824
8409
4432
8897
8466
380
5625
3213
2792
5449
3334
1231
5923
8243
4136
2118
2566
4610
6629
3208
5809
8616
5330
3846
8438
7522
2141
3046
5507
2126
1315
5542
6258
9417
2187
5064
1475
2872
2362
4876
6318
5867
4915
5212
7760
7817
6721
9088
4028
6959
4246
5580
992
8311
5592
6379
7882
7654
6878
4878
8237
6436
9698
9295
323
4209
356
9213
5459
177
5624
7922
4279
6557
3942
7320
6730
970
2291
6633
6116
3717
5972
7795
8736
9627
6582
9222
5625
6415
7302
363
5475
3578
5089
5740
2043
3256
351
3538
7563
6550
3099
4423
9559
2210
5641
3487
1845
6584
6919
5079
8884
5636
2472
2102
6544
1268
3265
8589
3705
6372
3747
5624
6934
2701
6480
2506
1059
7893
4026
9950
9165
7656
3087
7915
8008
4150
5132
7357
6142
5132
8512
6795
5896
4431
9343
9894
1003
9935
3431
8921
7170
6187
2176
7328
2946
8104
2278
8021
1909
4178
1442
7601
5499
4646
8845
851
1315
453
269
8709
5402
8085
9416
1746
9592
136
7195
3687
2367
6813
796
4461
137
6513
1475
1903
831
3467
9952
1759
1985
1324
7965
9354
4721
4088
9359
3543
9823
1723
6335
1541
561
7128
2966
5019
4848
768
8118
1904
2748
8211
6555
9393
2532
3385
8430
7267
9326
3974
2907
7929
4638
9742
8878
7182
8537
891
6685
5909
7709
1293
59
3065
3901
938
6755
8060
9372
3890
2173
1487
2271
4182
729
4613
3666
9932
8034
1264
9709
8833
807
1699
9357
7108
6272
8579
743
7802
6914
2871
6309
2361
1193
6969
5669
5173
4057
1212
6988
3318
5719
651
1034
4893
6969
5642
8999
3420
6697
2894
6504
7365
2879
5294
2167
6427
4127
907
1821
3578
200
3587
442
5487
2125
3953
9144
9932
201
945
6344
6433
7062
1162
1066
4105
9560
367
511
9667
7994
420
3434
5971
3828
5597
8747
8270
937
453
1941
6980
7784
3175
6009
8948
5608
1086
4433
6390
3815
5229
7792
9026
5942
5710
3126
3422
2680
8204
9950
3227
315
347
2270
891
4812
3482
1285
6032
3028
6129
4190
4397
5745
4725
1361
7154
8232
7358
174
67
6149
9960
5151
2088
9259
5807
1576
9005
927
5234
7841
508
9728
8969
662
2714
1792
8350
5686
4973
1983
6696
6467
835
1194
4481
4188
3501
1041
3417
3198
5599
6062
1847
3135
5801
8227
5215
7303
1689
5855
536
1723
6956
6516
3635
1981
6482
5305
2437
8772
9863
8306
9700
5662
3559
9548
4990
9212
1501
2342
933
6444
7318
9640
2565
7956
689
8018
208
7043
9494
7247
3509
3248
9299
7380
476
2375
7029
1293
3562
9824
9025
993
3026
4380
6175
4757
7757
4003
6177
3769
5974
4496
4460
7723
5482
3162
8836
4569
1127
2162
1401
1813
8364
5069
7717
5910
2314
5976
7544
8929
8007
3651
7381
9248
8560
1426
888
782
573
7883
8803
5390
8755
5168
4891
1841
6742
3404
9312
3515
9323
1086
5507
1847
4774
1629
7121
2535
1658
9548
4233
8615
3713
7895
4871
28
5514
7444
9701
4116
771
4384
2188
406
73
6332
9543
2853
4207
2520
8659
2625
8460
7100
1063
9895
2859
7154
3639
6932
282
4729
996
4829
8136
3855
2995
914
1677
2302
3641
7420
1377
1988
3972
1793
4396
2264
1589
2023
3597
8594
5327
872
6910
390
2717
2568
9452
8871
5108
4357
2288
3582
8207
2301
2353
8610
2631
6910
6662
4645
8417
4646
8070
8508
2258
5169
7298
3736
5020
7485
5953
3135
8318
6960
9440
5354
2095
5634
8319
3166
2461
4074
813
5945
9437
8169
7034
2061
3077
6665
5959
3362
4622
7888
9432
1018
6939
2442
5857
3039
9835
2207
9910
7237
5565
3541
6921
7053
435
4461
8207
96
8680
7147
6708
3173
3524
9234
6663
6584
225
6223
9136
9240
7876
6081
1993
6254
8467
8173
6433
1814
5527
3168
7182
7980
215
7668
4138
1221
6352
4280
2709
6263
9328
3169
8770
8179
9526
2084
5073
8114
1198
4048
5188
4513
8191
9938
3948
3593
6404
4695
3350
7591
895
9920
5287
6343
7981
2292
9907
5561
6855
6633
7791
6668
3632
8511
8714
6670
9532
6768
5697
7269
9714
1946
9728
3898
4801
2759
1776
2244
3706
7626
7596
945
7926
8121
9382
8427
6931
3212
7556
4834
1431
1352
7356
4615
3013
5824
2892
7138
1496
5201
7999
5057
7631
9401
1661
4548
8269
5756
226
7417
15
1739
7449
6178
3302
7607
6522
7065
6586
407
4523
6555
6559
3978
6067
3144
9048
5868
1388
8929
445
6104
3254
6899
2364
7572
8955
6021
8111
5793
4250
7706
5531
735
9316
9639
6790
6576
1246
5857
5791
8188
9388
1426
4218
89
9833
7280
1151
7861
2766
9570
1398
2505
2677
5117
2360
9205
9217
7501
3922
6859
73
4250
8961
5498
715
1366
2919
2286
1819
5135
9501
5699
2712
3486
3234
8192
6759
5825
8896
6692
2095
8182
279
6689
3800
6779
7111
1906
7146
4411
3395
8459
1047
4428
6218
8113
5899
154
8731
4342
1939
1414
1792
2895
7319
3954
4058
8686
8770
5821
6423
3385
4187
7785
3991
9192
6008
221
7924
8103
2225
4101
5942
5064
9863
1713
5798
5358
662
5209
1369
4201
7957
3951
5464
3548
2311
4186
7957
3583
1465
3249
3848
7622
1167
4623
6820
9053
6551
2104
6134
3915
1935
746
7322
8767
2355
9823
7959
9249
7843
2089
907
9735
7594
8363
4848
9036
7551
4180
6338
306
3114
2494
8888
589
368
2504
146
1820
1985
6581
4037
9078
8775
41
9241
2847
29
2432
5627
8123
6312
6936
5166
8439
2753
7541
6325
878
6233
8602
1265
22
7570
4466
4200
6114
9476
2772
4675
7500
1757
3936
2439
1239
3438
2735
2332
2909
8451
2795
8221
1710
6612
9950
5529
8983
8736
3247
8047
7266
7129
8727
5063
5173
4310
643
4221
6993
9997
1035
3175
9871
9791
8134
2654
307
6154
2617
8866
4512
5045
6681
437
4558
5995
9728
2555
8671
5322
3485
628
4981
869
6377
2926
1605
9909
5283
4822
3237
4066
5792
5735
6808
9469
9781
4664
9966
2307
8124
5790
6701
2418
4036
1832
4969
7163
7180
1243
9319
504
2718
9616
199
530
5113
9271
2341
7447
1020
7975
5750
662
5507
9413
8063
5815
5011
1537
6419
199
2066
4737
9695
2759
677
9285
9060
4534
1177
229
6367
177
2388
3763
2168
5195
6302
8958
1868
5983
4684
3657
9217
5180
3815
6864
988
1273
5591
3599
6954
9699
2950
2543
9812
35
5331
8588
7169
5914
9860
2029
4356
7058
848
3494
6974
9880
3361
1488
7541
6649
1786
8178
1853
1041
4689
7187
8319
4086
5644
970
1797
1526
608
5509
9129
9117
2561
4871
8857
6340
1676
6805
3334
3871
8770
226
5826
9116
6460
4519
8511
3543
6652
9713
6431
5502
6894
9316
5857
8242
9333
6442
7847
905
3368
9680
2508
3466
3805
3842
4990
8922
1834
4625
7087
5197
1854
7232
6709
1040
4229
9808
2394
9048
1426
7111
3817
561
5282
7223
7340
5756
2634
3114
5306
9191
1609
9409
3943
5456
3972
9909
5353
5281
4491
3721
5197
3581
7283
4782
8449
9472
963
1718
7503
7724
166
3745
4923
3028
3899
4774
4286
3000
6287
4800
6182
2875
6449
3789
8947
8066
5643
1241
151
8229
837
5099
4935
6767
2130
6347
8622
5992
3167
4316
3881
8311
9455
8942
2310
6485
1040
9590
3743
439
4665
2661
7688
8372
7165
7439
7492
3127
4341
7164
3825
2775
5964
5588
9479
2764
3197
2035
3056
5184
8919
6209
5094
1368
4822
4989
9589
1528
198
7714
7364
3021
7009
3278
789
2229
3850
8740
5986
9923
3254
6959
4672
2774
5478
1613
4711
3995
1717
5455
1936
4736
6903
2159
1671
3797
3081
2550
7074
1753
8507
4040
5932
449
394
2072
913
261
8182
7762
4776
2394
4010
4316
1460
7820
8324
1342
8313
9397
4870
5029
5057
8148
4777
4919
5982
2111
8743
1352
911
2742
4624
6557
6739
8399
4631
3320
2746
9812
6357
3032
9919
3223
7391
230
5294
806
8510
8737
7298
4236
5778
9432
5999
7587
8639
5294
8237
4034
5581
6131
6728
6274
1652
9767
3727
7902
4900
1472
7233
261
9097
8955
4131
1096
6034
7713
8644
1138
2403
1149
668
8355
9288
8385
2572
151
9438
5819
2151
5025
14
7346
4610
5369
7736
2623
6782
4119
1823
4868
1596
3144
6947
1273
6036
635
7544
844
1801
7815
6694
5148
6528
6701
7333
1937
218
9625
4691
2356
1807
3212
1462
525
1746
3010
6884
2180
615
3631
9195
1184
8058
4373
6316
8462
9027
2481
4353
9795
847
9440
4149
8957
9003
9451
739
6927
1031
7002
7410
711
9613
9063
9431
8015
9529
8821
8373
560
8843
3024
162
6247
2957
4149
9293
9015
8919
9367
9649
6961
3980
9190
1869
9597
2891
5088
550
5353
1245
8912
339
1662
6473
3759
6206
9305
5270
7253
6354
264
4661
7221
2646
9023
8195
2606
6655
5485
9343
9510
7027
6091
9118
9594
5489
9494
9093
3521
8351
494
2329
9020
925
2885
4607
1198
6255
5170
5930
4977
9930
6811
7628
3512
1046
6376
9741
4395
9405
4048
5107
6606
3936
2762
835
5371
742
3062
7008
8961
2877
3674
4686
389
1319
2034
1411
1509
3418
2040
8890
4296
7749
2949
8845
9019
9757
3845
541
4803
1181
4838
6651
8590
1532
2573
7452
9000
4636
64
9922
4696
7389
5546
1044
3700
4257
7020
8874
7961
2702
2106
3375
7702
1474
6340
9475
1672
6632
4097
4328
9315
2069
6998
1614
4181
8470
5721
654
2885
5125
7953
6747
5764
9012
3732
778
4592
1240
91
7249
5940
9875
7520
9738
9060
8836
782
5781
2355
3219
1392
3060
3603
6346
9398
341
3718
4437
2976
8430
2779
5854
532
9614
2959
1018
563
3474
4099
8203
8024
7029
9081
3255
2265
6967
2565
3712
9187
5391
7459
3054
821
4882
4043
8452
7214
2157
7300
1437
1190
7446
3355
162
267
6579
9173
2877
2366
4861
3855
4336
9616
478
5578
3645
7462
8263
7418
7366
6515
5692
1712
1852
4039
8280
5728
4149
9821
6250
9357
4879
8953
38
2482
3778
3617
2108
7689
4007
9995
7414
213
2283
2563
5018
2422
7237
3444
6719
8583
7999
417
2769
1153
8426
688
3626
4077
1060
3194
2692
2466
2374
4841
2915
6047
8984
8715
5846
9177
4605
6811
222
7666
5397
5720
792
1546
194
4079
2872
8629
4744
7566
4537
4299
8650
7313
2490
5920
149
5961
730
5954
3107
9606
1619
203
8722
7905
4504
4262
9061
4865
1541
6700
3033
2419
7269
253
2638
1305
3343
3196
8760
8718
8638
2756
874
1268
4202
6964
9149
3302
1359
2725
3622
7567
2530
8209
4877
5683
4780
1490
9378
9144
259
8346
1129
4943
7785
3323
5813
5733
6804
356
6473
9059
6999
6063
2100
5136
5878
8644
6324
5174
499
9514
7313
6408
933
7238
578
9699
6040
5797
4959
4865
5445
2914
3499
8952
3345
449
2387
830
6197
1801
8942
7974
2321
5038
8930
2258
7909
1734
4943
1568
4047
4646
2943
3271
9776
1196
8076
4870
4394
1755
5465
7188
4672
4552
3252
8710
4878
8445
2566
3581
7559
5001
7663
400
2427
9277
134
7426
29
7073
2920
9283
6549
1776
6866
7634
4764
5289
9645
8361
8636
9552
7291
5637
2536
8074
2940
1259
5895
8397
6451
4652
18
8907
3971
8708
8513
7879
2982
1289
2989
1071
8890
1689
88
950
6958
6752
3708
5041
7177
1894
5204
4945
5786
165
3705
3358
9988
7007
5679
1915
8999
8942
5138
122
5465
5641
7143
3923
126
2837
4283
9815
7983
5098
7052
1078
6965
8720
7148
4567
764
7921
3198
7514
967
4294
1812
5558
9876
1154
2209
846
7281
3048
8848
9816
7160
4450
3194
3091
8289
7046
9899
8701
1570
263
964
3907
5483
3349
1039
5398
13
5381
1605
5062
4834
7038
9340
3642
4815
9902
6063
1466
2686
5512
7405
3280
1269
5402
9159
9095
3731
7282
6161
2592
3667
6622
3472
7783
4898
1659
8311
6804
8086
129
9764
9481
9364
405
8690
6886
7671
8085
3885
2584
8393
459
5694
8802
8270
1205
5501
9064
3505
2414
6867
2245
8020
4140
6610
3761
4671
8898
3730
829
9738
646
7865
9543
6481
9565
576
8841
3979
8226
7665
438
8977
9047
1209
9269
1869
8685
3743
8374
7604
7800
2916
9948
5704
6045
9616
1035
5336
7981
8209
6856
8140
3324
2643
2232
6648
3250
153
2345
2532
2115
8007
7861
8947
6737
9332
1132
9532
4371
8660
9475
890
6168
2942
9777
2556
2363
9663
2307
9273
6050
570
5046
8833
4828
1845
6755
9189
4728
68
244
5822
9652
9095
7858
1251
1785
1440
7817
1362
7041
7490
3288
3370
2638
8378
2586
6707
7862
5957
4596
6084
7460
6662
4478
5607
6750
6010
5859
4862
8993
8131
8085
519
8156
2
6477
8951
6476
1414
2262
7224
3968
7916
678
7145
3728
1797
2194
9896
7122
7066
5481
2409
5726
7996
9
8730
3744
6841
4370
756
5344
905
1270
9093
9113
8994
4329
1841
127
5204
6265
7085
9345
1326
6735
3018
2888
8390
5494
8938
8708
7752
6356
8042
9102
5125
5304
1407
2753
2006
5315
7610
3687
4539
7100
3279
74
462
9979
2213
4920
6223
9981
1053
3154
2988
9060
2628
4169
96
4493
1398
1152
1457
3013
5999
7066
2096
7438
4723
5795
9814
6770
5463
4653
1487
5103
7956
4460
976
6497
2261
9515
687
5609
6653
122
7916
6590
8508
7612
7490
5272
5654
7372
5124
7977
5288
5617
9929
6891
5622
9493
2463
53
3114
2700
7297
9648
1952
6110
474
2966
4086
4721
77
457
4060
3670
6696
4130
6043
57
9533
9070
7751
8763
2439
2494
3467
462
4031
3822
4444
1387
7290
269
756
6778
8679
6740
5714
6194
4306
2139
2133
3353
6102
5884
4127
6446
8274
7775
5972
9501
8693
7459
1452
2080
4875
1842
1797
1290
2371
8043
9315
9730
7542
8477
6783
2670
7774
9677
328
1163
2466
9502
8110
4272
1362
9116
9968
9983
2987
4525
4936
9004
2882
6254
4060
5811
6912
4478
7677
5060
7413
3829
331
6458
7531
1219
8295
3110
5509
5612
5642
2684
2099
5909
2320
6561
6838
6135
1170
4337
4723
7984
2043
9610
7304
3406
9686
2919
34
4138
1657
6806
4889
5849
1294
4148
5328
1391
7487
1550
5040
3680
3672
294
7559
7980
9081
5975
3984
4734
8112
6659
6716
2407
2878
8
1764
7363
2732
4309
848
1530
8665
9910
5530
9673
4931
5629
2803
4092
965
7093
6591
5302
888
3361
181
5895
2520
2473
6473
9890
3655
5606
7595
2938
7269
5745
1294
25
6217
8690
9612
8402
3745
3192
383
9709
7660
4018
3854
9545
195
3359
9786
595
3159
8094
7133
6966
6138
2040
2262
7355
7223
8822
1646
2776
6861
9191
3205
4694
6824
724
188
8495
5080
8183
9806
1773
916
6589
8932
9334
6542
4956
522
9347
4771
8136
1526
4916
824
8695
5008
7533
7370
5965
2108
2091
5945
2303
897
1904
319
936
9420
7679
8969
7534
5011
4083
5367
388
6633
6138
4556
4797
1880
4369
7605
1807
4673
413
1213
2039
7033
865
9000
4018
716
5288
346
6378
3054
5017
6841
1313
9454
3437
6582
2957
6918
2524
4079
7692
634
2401
3524
8901
8873
6541
4261
9285
6361
3622
6181
8427
792
6060
5469
5813
4024
4169
7221
7037
7608
711
2230
4500
7654
107
6735
7149
8190
8621
789
9515
9145
586
6877
6650
968
2482
5947
1535
2104
2044
1154
6526
6500
1445
3486
7249
69
7534
9964
5449
698
4233
4342
8924
9512
797
41
7575
6984
1990
4446
1606
5256
7376
1982
5359
4269
9973
2781
8219
8283
5095
796
7979
1464
4102
7663
73
3592
5846
5825
5239
8794
7118
5152
6561
7725
2938
7151
8482
2114
892
8486
9736
6253
7151
8062
8710
4538
1243
9834
9845
156
4160
6053
432
1203
9478
1087
5439
8183
7730
368
4545
1405
6197
2127
9280
9043
9202
2698
7494
7119
5711
2647
1872
9012
3723
6728
9543
3064
7928
5361
962
8137
5643
8446
1452
6161
993
309
1507
3763
9309
6469
2637
6685
8466
3919
4552
8390
4163
4968
8791
3971
8500
8057
5172
3386
8481
4347
9576
3896
2906
3291
9591
8178
8817
2682
145
3143
3701
1639
8642
5786
2159
3336
2453
9050
8554
193
7472
4374
3448
5757
6264
7979
9811
7504
197
4326
1898
1309
4507
4541
9088
8600
2811
247
2073
3569
7845
6871
85
2293
9732
7847
2483
42
7514
2465
4828
4553
6415
8494
9559
288
8926
6505
2939
6036
1593
3680
2407
8372
21
9105
4681
9598
6832
627
4929
6581
2216
2393
2646
2328
9924
4144
4177
8654
7776
8976
4817
3473
7590
5502
8766
6865
4535
5603
5450
8281
792
6464
3782
1664
1197
6536
6168
4479
2415
1755
1601
2058
4445
551
7289
630
1740
5697
8440
906
3178
3063
4708
8970
2692
4945
9562
2141
4057
5010
3951
109
9535
4872
7191
8408
1336
4888
571
3812
4294
670
7258
7344
2754
9687
6936
2577
4720
6460
6550
9799
1993
8535
338
7254
2083
8159
1652
8780
1324
1022
1106
1842
203
7677
5627
3818
1743
6526
6034
1635
7546
6626
9777
4484
2243
6353
5082
3965
4742
336
4033
1698
1658
2961
694
5427
6987
1957
2208
1901
9712
4521
1987
5523
2927
1264
8476
5807
9832
5633
2246
9757
700
734
2953
9047
315
9461
4392
1650
6756
2891
7008
5783
3324
5975
648
2316
9619
5452
7960
5843
2264
1335
4460
9187
5014
3043
6881
780
3069
3093
7235
9430
4114
7019
5243
1895
9538
5705
6690
5372
7564
5480
3774
8137
1898
6142
158
9852
6401
4920
5430
9289
5361
9633
7884
2761
4870
8276
5534
8739
8102
4878
8485
1507
1663
9969
1034
3413
8811
5911
8565
7634
2225
3437
1877
2959
2316
6004
8869
9932
5815
891
7983
9944
7784
1278
4153
5024
6586
2479
2256
3179
6030
3345
4398
2440
7401
1380
6344
5803
2734
1219
1047
528
411
9869
5697
283
8671
8732
1362
7077
6881
4441
6939
8982
9472
5871
2548
6034
9835
4197
1956
3785
2109
6829
7433
1717
8116
7468
7390
648
7181
9499
1315
977
756
8964
3882
5789
7949
3312
8497
1389
3742
1245
7886
2539
9262
9452
7665
4469
1968
8212
9138
4425
6828
1797
8132
6828
2024
4413
4010
1331
4117
8969
2945
7002
933
621
6406
4634
4131
3604
2253
4947
5783
4617
9398
6536
5970
1218
2190
8060
8302
5785
5146
908
3876
1674
7683
3504
3025
3959
3689
709
5095
1252
5634
8328
7989
5810
8289
395
5769
9434
3492
4557
788
9414
9005
4439
789
4770
9376
2900
4798
9669
4922
2172
3666
4187
5287
4752
909
4407
8728
7129
6090
7287
8569
2538
1410
1621
5914
3915
1455
8508
3567
879
6710
9289
1572
7579
7027
1743
2721
4829
7242
9128
4556
2862
7365
1150
9647
3549
1503
461
7430
4023
218
7395
8277
5268
4720
2440
6715
2689
7145
35
3406
694
8756
3604
3456
6231
6076
5851
8271
5516
8312
3539
5352
6911
9386
2992
4168
5312
6461
6828
1076
4659
4725
5586
6550
2219
7706
9021
9916
6704
8853
3817
3228
6237
6606
9463
4365
8419
3238
4463
8992
3626
2361
7127
1902
920
2559
401
6455
4500
2390
6602
9509
5731
8885
467
2180
8993
296
7960
1209
868
2202
9072
9987
864
7347
6917
8173
8782
4213
581
9726
9326
8559
8485
364
6159
7108
703
9749
3586
2746
9892
8896
8900
823
7121
7680
2191
9798
1829
2256
157
6546
7667
7078
2641
8156
4828
593
4098
3687
1558
7913
3787
282
397
3675
3961
726
5591
1142
3003
193
3870
489
8342
866
1763
5491
7545
7702
999
9659
4833
8145
5044
5249
8941
2017
872
606
8217
6161
4186
9221
4079
4645
4788
9687
8610
9250
6496
1778
7627
2141
5063
1655
4399
6868
2768
253
3167
3497
8679
4451
4718
5055
2777
9115
3587
1290
1453
5413
8991
8978
8285
599
5803
8598
9055
552
6951
9901
1843
8325
8195
9401
9719
515
2354
8925
5029
2581
1322
2108
8790
9624
7832
7071
5942
4371
6785
5455
6983
9591
5966
5895
8104
3115
6649
6672
6137
9174
8314
9342
6389
7567
2903
9656
6917
1136
2111
3331
6713
4349
9265
6
7013
3561
7806
8235
679
528
7514
6917
5171
7745
4204
60
5358
7206
8546
2305
4439
3819
8539
5867
3774
223
8084
7670
8469
2893
7508
9393
9629
2118
8362
2087
4603
1544
9345
1382
8072
9056
8189
8141
9498
8601
7212
4658
4227
9645
1918
6330
6123
3046
1422
2672
3402
6911
7670
8891
5202
9601
6911
3455
9508
3922
517
6566
6954
6600
9228
4718
4424
304
7764
4148
7863
2599
9776
7596
9284
1943
9938
7551
6045
8353
7873
4797
7332
3350
5414
7971
4739
6214
899
4812
8994
6613
6366
6436
5970
8420
5621
7333
4875
8400
8127
3651
9775
1963
9720
1480
301
6577
9345
4850
3782
7688
6529
738
7033
1590
1903
8996
9681
1610
2907
8148
8161
3784
3743
924
1081
1428
2471
9569
4864
6010
6469
7608
7826
3881
5664
2000
3396
3798
891
5285
4590
8464
963
1916
1436
1125
1438
8662
3952
8788
4979
2030
9473
8403
1827
134
4849
9751
3150
4055
699
5372
7900
3346
823
3794
4688
661
1892
4703
9516
2194
1217
3083
9181
6961
9831
2412
5869
6659
1045
9841
7922
8799
720
4776
7207
2494
1689
3967
9471
9828
3529
5829
693
9247
9787
1690
4270
9006
6858
903
5874
1447
808
8643
1815
4841
910
879
7169
8869
3220
9030
886
6499
2322
3925
6925
8111
1402
2628
8012
5230
5269
5501
9070
976
1455
6635
7119
7212
593
953
3694
9395
6293
8542
8177
1342
9859
949
4860
4454
3273
3387
1182
8405
6632
6967
8232
1168
9272
9946
7238
6808
7259
6514
7448
4284
6064
6978
6180
8202
8220
2083
5807
2323
9846
9400
8819
3712
3872
4890
7393
42
6840
9979
350
2867
3619
345
7664
2563
1592
4140
9278
6251
3982
1186
4808
2555
5958
6361
1497
2075
9421
5954
9648
8445
9641
5739
4869
4327
4862
5475
7217
5375
3908
3645
3356
93
2967
2405
7625
2513
3306
2337
3860
7829
9305
4019
8348
9063
9225
9715
1694
9996
963
9298
4445
3160
9729
87
5170
2551
4380
569
7529
9395
2585
7420
8161
9327
2093
5347
8575
5941
719
5358
123
9554
5094
2023
6619
3058
3266
7916
9518
6013
419
1789
7013
4706
3397
692
1310
7455
6798
2626
8996
8973
6308
3414
5160
7899
2689
6572
6500
5748
12
7155
2152
5156
85
3517
6668
3883
6521
4459
8060
7520
4149
1844
4801
3857
3516
2575
7092
3197
576
6390
9214
9465
4513
1766
1759
8484
9185
6954
1054
28
2019
3813
276
3403
6756
4469
5217
1663
5265
8748
3560
2511
8071
9635
9453
4721
7797
7679
2634
3879
6021
7737
6117
8230
8426
2714
2867
5209
529
5407
3321
7508
6182
4021
776
3616
2372
6151
7488
3904
1014
1967
2489
5456
4917
5789
120
7965
696
6479
1143
1749
7926
6924
2038
9094
9280
3339
9238
9250
4481
6315
5237
539
2550
5244
5205
2638
4677
8145
3577
1515
4156
9212
3537
1989
2334
7140
2881
1701
8432
9923
5448
297
4402
6363
6331
9789
8333
861
9681
220
8126
9572
9227
3127
1259
9959
4175
45
3305
6180
7391
2333
7939
3271
3319
2490
5004
2512
8437
3046
5059
8152
8674
2890
2247
5930
149
9836
9876
6219
7962
3560
1839
3521
9243
7519
5242
456
6301
4078
6499
2786
3685
6468
580
2241
4486
5228
3490
6930
3324
4239
35
7066
3198
3695
9664
8306
6454
5451
2413
997
87
3455
9419
3079
2465
8920
5272
9236
5663
8664
7378
8011
22
4942
4187
4426
8791
7006
3154
7773
2771
9828
2858
6959
2771
3672
4609
3216
4108
4673
5422
1054
825
2210
5182
5629
9144
6958
7918
3932
4960
3831
1519
9563
4017
1928
6681
2226
252
164
4515
7276
3139
4558
1828
1159
4061
6633
4062
3894
8499
4456
4760
4798
1182
5080
42
6458
7789
7887
2285
8913
5153
1571
934
2277
3743
5914
2804
3435
2393
3914
3977
7789
5018
11
8680
7307
9596
9850
3546
3974
7243
1189
2966
1781
8537
9371
9196
4971
7715
566
3087
2456
5486
8756
3420
9133
767
6324
1160
1996
7016
3378
1036
9979
9410
1735
9525
3611
2878
6794
4864
6445
5557
8201
5604
2020
7371
934
6336
9263
8615
6630
3535
6305
9223
1567
2663
9492
688
1616
7226
1623
3138
7225
5849
7364
1392
2306
7670
2148
2192
4056
9951
5953
6037
8754
5141
8959
1382
4927
6981
9163
6647
916
7498
9134
3435
2908
4835
7230
1953
365
7447
9727
2629
7875
9169
4153
1491
3954
5740
3396
6066
4207
6607
8820
156
1894
9453
4858
4569
4506
3094
6548
2628
1426
7413
7092
6508
499
9163
9201
9817
7172
4793
8212
189
3137
8274
4395
6563
985
8356
2296
912
2979
9638
3944
932
3686
9123
1971
3825
2780
5658
8256
6529
6482
6651
9651
163
1147
8518
1916
962
2315
500
6978
3432
7481
617
4175
104
134
3710
6092
3173
3104
7829
8416
4295
8142
7891
4663
2641
9488
1211
9933
5320
1072
4150
4374
1601
9769
9529
4505
1750
5652
6560
9106
5082
1324
4211
6301
4493
7931
5682
2939
5764
6622
1097
3744
9844
5200
836
8428
7584
428
8971
6820
3791
7762
2170
897
357
8196
7341
1468
3307
3703
3217
306
1079
9923
8747
7615
2009
873
7976
5605
4484
8197
8957
2176
8930
8720
7584
1390
9201
2354
8778
1764
3384
5942
8026
3458
5565
3813
1556
6195
4464
1548
3887
1105
2130
4627
2520
2441
303
4138
7239
1578
9599
4098
691
4704
229
8453
5696
4948
788
7553
4851
47
9904
9245
6653
553
2296
1953
7288
2060
8025
1487
9198
4882
8156
8002
9898
1104
548
6721
8385
9630
1174
9364
1699
5373
7947
6736
1265
7443
5831
8575
9879
7444
7944
5202
6840
7748
6937
4525
1618
4703
695
1368
1901
1832
4399
1474
387
7210
5063
8560
1167
6658
7267
5830
1758
9592
6578
9323
6003
3067
7715
594
4892
6602
99
4965
5587
9993
5795
8859
8005
8179
8815
8362
1870
9449
4657
3600
7003
8103
1819
5575
735
672
4227
1735
818
6180
3855
1625
5215
2130
5408
1129
7033
8413
8371
693
2414
1525
8086
4068
35
2933
5712
9413
4173
1356
9337
5575
8809
50
3991
2638
2406
605
9071
2787
3033
211
5437
4503
1407
5138
4441
2738
7532
8116
459
5281
1637
6620
4479
2523
8972
9940
9150
9958
1897
1274
5407
2739
9077
7531
8555
7485
8584
9994
90
9019
615
519
1321
406
9483
2404
3504
488
4644
1350
6809
4502
3077
7277
4369
3392
7471
4861
7581
8455
3767
2509
5319
7398
1263
591
6011
5559
5770
3234
8749
9965
6502
6716
3330
3767
552
838
1721
3452
5157
689
5507
4541
6996
6126
4393
9575
5970
40
3973
2225
2701
3085
5147
524
9130
7547
2541
8739
6661
9038
2160
42
7923
3725
4186
4266
295
4138
1554
7735
3414
694
9759
2050
3376
2718
9193
4962
9952
8133
4402
6016
9809
4752
8428
8340
4429
5926
2333
6888
4410
7986
6499
9735
7286
239
9415
3715
354
8609
2293
8616
5252
5456
4567
665
4004
878
2863
7488
5575
7426
5710
2697
7852
248
5271
3824
4454
8159
3353
7294
8153
8648
571
118
4298
5247
4202
8413
2311
3026
7773
2472
5012
3502
3400
9373
7022
4281
675
4993
8412
3474
630
7456
7710
787
2408
4924
7475
5533
2982
597
5044
9153
8968
1681
8959
7712
2126
6572
8484
5394
6340
53
4273
725
4796
6071
7825
2431
6426
8182
6956
4089
6198
1831
5568
1370
8114
1800
244
2629
4146
5783
2514
3327
981
686
1388
7554
9901
8648
1267
8147
3584
9075
8766
679
2365
3027
2213
7908
4663
7362
6710
8538
9531
2065
7595
6877
1019
3846
6248
3889
3689
5214
8533
5505
2854
6733
3683
6516
7838
4195
2312
7789
1256
3370
3811
6853
2516
4783
6467
130
2330
233
2168
8343
6184
3214
7871
7403
2538
8930
5189
2400
4361
5520
7251
91
6800
6214
5796
3024
6812
8317
2156
749
7870
2371
5779
3417
4214
4639
520
9660
354
480
2683
5944
9767
8192
9251
2954
887
2519
3156
7776
8528
3774
5801
1839
5833
3326
6122
9892
9068
3773
4170
8079
7858
6341
7319
5939
3345
2004
1787
4414
9625
3828
2546
2938
5902
2623
2581
7858
1185
6611
4468
1229
2323
4011
392
9503
5568
3471
1774
1772
6436
5527
756
324
9771
9706
9372
1990
6660
5982
2277
4466
673
2230
6570
274
6266
4552
950
7389
1126
1170
3098
1547
6826
7598
2398
9164
7960
1787
9513
1253
8346
5925
2925
2322
6771
6138
6955
9679
5908
77
1064
7614
506
468
9756
6203
8923
2156
6561
6503
2462
472
6971
6282
4022
5161
9073
1121
6725
4920
960
6543
3304
1144
1561
4094
2985
8822
5328
939
5120
3554
8380
4849
5104
3377
3909
5325
4376
4391
3818
7443
7431
3023
3501
1715
524
7797
6686
1777
9605
5061
7110
5912
2780
685
5063
8385
5255
1465
6443
4112
868
7134
7932
6501
9030
7183
4930
2195
5106
7255
4180
9216
8329
6346
455
1017
1819
3390
4099
4782
9025
1767
2752
9071
2840
5027
7475
1684
2645
3595
2481
1122
1899
6126
3641
7409
1898
662
4701
7243
2621
9057
1882
7898
1280
1833
3727
9956
8160
7785
1029
5547
1254
7325
4720
4274
4480
2954
3475
573
9197
8951
7585
5022
9727
6143
8983
4767
610
578
3374
1315
8504
1263
7049
4418
4884
5210
926
8998
5021
2217
3276
4684
3242
5199
6176
3793
9752
9685
942
3382
3831
8847
5898
6034
6452
3190
6204
628
6598
1780
6981
2428
3284
7827
3308
8512
297
9961
3989
5712
9513
9705
2333
4062
1175
9380
1307
8305
9274
7268
9216
2287
6867
6408
3222
5749
7569
7490
6808
5059
3620
3950
7947
9002
7818
1850
5640
8241
7618
6089
7629
5897
4246
441
2289
9591
6384
9688
2783
6407
3226
6603
8159
261
7115
716
9598
6823
1357
8075
7233
5270
6563
6278
483
8749
9743
8037
2016
6794
4175
1313
4449
8698
8308
718
5457
1732
9685
4697
1184
8942
6059
111
1659
4459
6272
3731
970
8408
1076
5135
4745
1179
2293
887
4389
2876
11
5683
7568
5991
2012
1385
100
7890
6300
3417
8920
1009
8294
8314
1663
3864
5472
3346
7880
1783
1798
9179
8462
531
5973
1090
9312
1873
2398
6317
3993
1019
414
3493
1017
1317
2227
946
4936
4066
2872
2574
1377
5406
404
6472
3339
8952
6142
4298
5616
9885
7856
1251
2355
1614
2477
34
6053
317
7611
3863
9505
6395
4752
8601
2918
7953
8740
9823
1659
1097
3113
5265
7883
5905
6807
4669
7471
9977
1279
9879
4471
2901
7337
3396
1700
9718
1131
853
2286
4390
2759
7648
9972
5188
3554
9774
6750
9021
7449
1850
3804
6694
3556
5954
6910
1538
7414
985
1993
8199
7635
231
8398
6300
514
3010
4935
4348
502
1065
8070
9327
6337
6034
6362
5653
5713
4504
8921
2932
8334
1253
8790
7778
8983
3393
4262
5199
4301
8951
7568
6818
1542
787
8127
8535
6353
3768
2530
3037
4586
8162
2471
2005
6396
5903
7546
4687
779
7044
6833
3955
9179
9084
1052
1169
8495
6006
3253
4948
9261
8246
9627
7493
7944
299
43
8018
4304
7548
4635
3024
7369
2282
6505
4237
3020
1239
5114
234
7608
9718
1548
7286
5682
5098
4862
6744
893
278
5165
8802
256
6259
552
3118
9365
8278
7429
6440
8339
6942
1020
5594
6256
1904
30
5451
4250
1251
5973
2495
5811
2337
6341
4320
3560
9800
2812
8262
9298
8318
9909
2952
6720
2111
6161
2617
7367
5146
3498
9207
9701
4978
4570
5882
6104
856
6544
7735
2564
784
8078
6420
6536
4021
7370
3429
2658
3136
407
4849
9154
1191
3110
6691
7237
9860
7425
7637
7489
450
7847
9430
4472
1496
5054
6725
9945
6374
4816
2139
8658
1268
2626
4971
1448
4640
5
1503
9718
8532
4489
7913
5558
915
8691
4895
8916
9001
8488
4457
3132
4007
9117
5949
6269
740
5743
3872
772
9523
3709
4803
4392
3263
2416
3546
4569
1915
5506
8775
261
8357
1621
2712
1170
9541
4900
9736
501
6251
3988
8258
5574
422
4832
3004
3311
4309
9355
8444
4530
7406
4173
7617
9411
3689
3409
1345
4867
6426
6175
7515
3707
5373
6397
7875
565
3444
7499
2454
1091
3516
3404
2824
3656
5999
1851
7401
7846
8641
36
7484
9207
6470
4866
747
3245
7096
5683
6832
9611
8682
3964
1385
8895
5628
7972
214
5266
6543
5702
954
3575
1501
6853
7449
6429
513
7240
4063
2963
8849
8979
6800
3337
6777
4753
5642
9049
1902
1644
9543
2380
7656
5913
3588
806
4414
6665
6277
1090
204
2206
1296
5975
2447
1222
2087
7278
8907
7879
1623
6114
8718
4823
7433
4396
6511
3731
4041
8276
5467
2177
2177
6736
4154
2726
5609
5059
5951
73
1830
3828
1905
6394
9937
889
6626
8310
9717
2542
397
2732
6061
2353
1809
7536
4954
4048
5083
6296
5902
2203
4480
2999
7836
2449
9200
1021
447
137
3545
9530
9062
8904
9685
8361
4934
9497
3332
7014
452
7177
4777
4353
2620
4008
5607
5121
9844
9316
6212
600
7091
7185
2383
6100
807
6070
2353
592
5099
5314
863
1230
6108
408
4448
7276
2879
5112
7030
3094
304
397
8314
9062
4803
990
6007
6097
1005
229
9337
4200
2214
5669
8802
4251
4126
7806
6194
4877
5587
1673
7321
8757
9105
7808
9114
3097
3424
4190
351
8040
4164
1710
2066
6867
1133
6737
1600
9088
8906
5965
1797
2838
5834
3268
5609
5966
5644
4170
1173
6515
8099
9280
2681
5747
5834
6314
4383
1052
6504
1656
5001
8680
1807
4434
2371
6606
2973
4350
3989
9041
8828
7735
8657
3457
9903
7661
2092
8994
726
7523
5070
6902
5187
5201
6384
9458
2702
3509
1941
143
9076
5405
3856
7013
1855
3201
7966
1592
6343
1723
9310
5701
7629
1468
1365
9084
5821
7386
8707
46
4674
1357
6467
3571
379
2993
6156
5662
6074
6852
4622
1092
4790
2833
4024
6993
4400
6908
743
1500
8862
157
6564
2895
4700
8561
5326
5923
6389
8745
186
5287
1545
1960
6742
3301
169
1143
84
7680
5580
6349
3644
7690
7934
3920
4452
2341
9566
8236
6124
2731
3581
1599
5337
408
3149
1625
3950
7090
9365
6422
1223
2759
4419
2921
4486
4353
6577
4743
717
4005
959
6529
6109
914
7257
605
2733
4023
9020
3268
7522
7138
3967
4594
4168
7438
330
8721
7765
4332
590
9764
6392
3319
842
7812
200
1013
9466
1366
3750
3432
2388
691
7154
8933
7366
3132
4822
6354
2490
7222
7619
48
1874
4485
6724
4250
2308
1949
1948
5187
3910
8957
3221
6939
6924
9265
8796
226
9885
9026
6045
7324
9494
6704
8315
4753
4527
9086
355
7987
4136
1340
1526
5108
362
1144
1542
2881
4003
685
8188
2996
5783
8396
8587
6956
2603
7554
9575
204
3708
6671
2368
7926
5803
3787
792
6728
5882
1773
4134
1398
1170
5575
9193
4079
6260
5020
8580
7898
3011
2944
8068
974
120
81
8802
4072
7479
4350
7229
4184
7198
6005
8745
2610
2979
1295
211
6166
7301
7954
6087
9223
4343
1391
3666
8204
1894
9551
473
8541
6509
6158
4386
8407
8998
5572
5040
969
732
9651
2531
6133
333
6483
9662
3677
7167
4030
6970
4865
2886
7472
6404
6252
6520
2596
9674
8780
600
1333
1152
4669
4802
3578
1434
6190
2973
8068
9833
9818
1694
2764
7810
9874
2762
9286
305
6273
6769
9391
6025
3451
1704
7377
1260
9855
808
96
6995
4330
8795
8429
9311
8155
6170
6123
1836
3267
1054
3680
8083
8341
2234
7526
1652
7608
3968
107
9493
551
1716
6563
3073
727
6132
5824
8715
5245
7349
3335
7140
9912
5432
7596
3658
8843
3086
8502
9482
2030
5416
8305
5569
4291
9176
2771
8707
9435
2262
6518
8296
1
1360
2434
5577
6450
4769
6614
7096
2604
3954
6833
304
6667
4917
9577
76
6372
8432
4905
1454
8937
4256
537
7247
6172
4058
1345
7479
4213
4220
4476
7003
2366
1805
2304
4946
7210
9530
7177
5672
2496
5840
8969
6579
69
4860
1363
6563
7234
4374
2524
3729
303
6342
2759
3931
2600
347
1803
772
2774
9392
6273
3726
9509
5229
5956
5000
7045
1800
7342
9252
9867
6356
7622
6810
7305
3226
4003
9324
545
6959
2848
7331
3677
2437
5542
9614
3242
4353
6710
7225
7529
4560
7829
6211
7560
5730
1953
4189
2740
3566
1034
9249
1045
6432
2807
9171
9735
7144
7546
2070
4188
9960
4772
1057
1262
3026
3094
6810
7015
1111
357
8903
7229
4765
102
9090
2331
4551
6109
6814
1155
6770
8084
5595
7182
6901
8732
6128
7032
3713
2241
2023
1242
243
9906
3089
7779
4027
1599
6218
534
9371
9465
1211
6682
5315
8165
9928
4203
151
6101
9122
7293
7682
8772
5074
3653
502
3261
3581
3945
8081
4055
8808
8604
2496
9102
1054
3011
1745
2891
2876
2556
8796
868
261
1591
2228
762
9897
4979
2209
4938
8576
6915
7044
2205
3709
8622
4673
1585
1900
2614
9154
963
6565
2192
234
2580
6238
5901
8983
5825
2998
2086
126
226
4353
2909
7003
8749
5952
7833
3738
1140
3967
7780
7171
8477
4521
6425
2688
4783
8791
9554
4097
5380
4263
1843
7542
3697
8230
1977
9477
9480
5221
372
1267
6931
8402
3104
9223
1339
2615
1943
5635
4033
7830
3086
3239
2925
9391
2862
7674
4187
7839
1665
9239
6859
4842
2408
6147
7346
5495
3098
7053
7266
4840
5890
3565
7786
6176
4493
1545
7764
2164
9076
340
9411
1825
7844
152
3058
5560
2840
7684
5483
1724
3364
2889
8778
811
4005
7933
8707
2325
1239
7942
6953
5455
2636
8686
1478
6641
7956
9423
8933
6482
9378
7626
1657
3675
6441
8082
3563
5615
8160
6237
2368
1113
1491
8549
4796
553
9035
8841
6070
455
7868
6798
5828
2458
1035
149
4718
2063
3086
6618
5891
9664
4458
5708
9541
4704
8304
5808
4026
539
382
4282
8581
9873
6119
6290
9869
5626
4482
9460
1527
41
5816
6637
4030
2956
4035
7939
1282
174
986
7770
3108
5338
4461
3820
6736
1117
6829
4247
5091
2017
4799
3121
3202
5723
4358
6625
4356
1955
8411
2559
2308
303
9031
3408
323
9515
6593
1732
2268
8363
9797
7610
9063
9324
5786
3326
5602
8912
7374
5189
7015
4821
3584
7090
3087
8240
5897
5309
8929
1776
9715
4690
3734
765
5127
351
7226
3731
4808
4437
9303
3577
7284
7766
3499
9588
9432
4873
7523
4856
5166
6334
7185
2565
3202
3572
1318
5328
4690
7503
5402
6618
4292
2165
3650
4372
7872
2384
7624
5537
5936
4201
