552
36
507
888
351
5
429
197
908
970
591
889
763
453
527
814
1
439
32
630
326
683
661
477
485
45
523
54
468
21
264
788
179
77
40
207
581
82
832
198
591
520
363
420
523
77
927
227
102
89
944
442
12
889
585
575
404
233
480
79
842
810
966
241
638
799
226
763
954
441
384
812
838
762
755
686
345
244
619
177
502
779
754
608
195
397
425
984
25
910
574
122
844
31
153
86
31
698
742
809
458
191
972
530
606
989
442
573
564
515
956
59
18
723
898
300
675
63
48
76
796
775
584
940
126
638
653
887
958
531
10
943
988
367
42
869
889
718
199
135
506
535
353
595
573
451
615
961
988
149
948
264
957
601
691
538
689
763
686
11
883
914
91
314
792
396
619
42
696
235
168
743
530
633
589
494
488
845
223
238
275
288
216
137
452
109
642
777
440
626
465
900
205
113
179
601
512
50
456
938
261
635
686
135
168
939
198
561
162
143
32
487
652
631
798
700
128
528
631
908
543
195
760
236
391
830
342
833
590
421
91
557
656
717
392
687
50
415
826
648
408
554
261
291
870
538
583
700
226
466
754
544
985
583
299
53
827
864
314
944
48
209
890
245
398
615
712
700
515
303
74
758
226
326
306
7
512
181
275
777
880
859
758
764
357
593
500
780
314
222
667
11
638
385
180
8
85
273
368
799
49
722
389
236
695
291
837
547
537
222
713
522
889
619
675
294
208
583
832
674
138
610
697
7
312
175
172
42
117
157
870
719
850
705
170
629
440
371
73
62
272
117
554
299
110
596
912
327
109
420
777
417
817
222
951
992
377
120
111
234
218
164
581
680
377
496
937
929
469
797
626
903
502
887
267
733
165
220
412
265
408
470
627
285
609
94
433
991
966
798
104
885
460
774
494
53
840
70
253
847
595
667
913
397
483
736
270
434
345
920
115
665
731
253
290
56
324
209
398
444
808
897
359
882
391
853
653
999
585
233
383
349
187
202
308
244
369
148
668
89
586
745
889
360
591
109
759
9
817
966
435
841
45
109
809
169
290
131
756
1
978
236
971
186
447
645
176
916
574
463
350
927
129
121
197
21
849
403
732
170
518
937
471
870
183
471
286
837
718
266
918
533
820
309
958
176
721
131
21
344
967
37
850
206
463
384
237
794
460
998
678
819
862
948
686
381
591
438
719
626
815
965
974
337
671
885
804
630
771
226
700
223
179
502
274
97
305
503
898
884
305
566
387
880
845
68
147
643
60
84
459
562
10
787
283
225
184
597
291
471
831
94
978
183
721
208
24
747
849
431
152
471
120
678
483
369
178
547
39
832
495
713
139
721
234
977
62
298
408
658
432
342
822
340
202
147
240
416
666
249
606
906
246
325
622
486
617
666
230
827
597
435
905
806
298
159
347
338
524
250
589
803
857
290
918
289
524
996
681
182
65
10
38
648
455
640
459
764
307
665
67
983
545
269
595
700
199
349
801
258
213
335
651
781
865
862
357
408
658
611
704
608
762
489
466
418
747
547
26
739
457
928
348
174
128
771
3
437
532
923
578
679
362
51
929
998
593
663
822
24
349
732
325
494
999
401
339
734
130
32
910
537
207
310
154
246
18
77
12
157
231
820
612
83
760
527
714
386
334
749
610
785
289
350
19
399
42
808
645
968
983
885
919
948
203
137
820
518
846
984
199
857
341
308
413
419
764
868
669
338
232
894
107
641
692
219
110
46
962
362
977
174
564
158
225
183
454
689
892
651
542
333
611
539
597
351
270
151
837
625
29
985
855
90
781
98
621
632
38
599
434
243
548
26
455
974
704
326
968
81
416
909
297
802
409
921
421
905
775
731
159
726
875
383
138
756
5
505
996
221
493
500
281
205
704
529
295
1000
164
561
851
111
507
132
60
573
233
887
357
872
97
446
488
274
636
668
249
2
126
969
279
735
12
100
826
648
482
595
796
353
851
930
354
541
335
489
887
508
292
77
194
664
69
162
783
455
534
768
229
520
779
154
650
903
441
115
667
89
572
797
634
561
681
782
60
240
769
197
845
642
664
847
588
714
306
505
79
155
125
990
869
409
422
88
508
639
730
445
894
424
271
790
666
647
365
487
991
377
181
928
517
849
249
21
475
342
838
713
404
744
615
981
315
752
756
457
60
116
834
2
295
497
766
616
161
250
434
748
51
919
359
665
123
807
824
649
427
819
7
865
186
80
918
761
732
99
16
506
186
671
299
126
333
699
378
585
898
451
184
302
820
765
441
186
816
488
729
990
315
77
