3201
3060
1448
3425
725
2252
4803
3981
1076
2264
653
3973
1482
1856
1447
4094
3120
285
1673
2513
2271
97
4029
4389
374
2319
569
2967
546
3072
4863
179
2031
3007
2495
2305
1366
1946
4571
1438
450
1432
3060
3885
4436
3738
3402
4525
2098
4000
378
1509
2664
769
3438
2558
2355
4072
1846
3220
3971
2654
3344
4949
2238
3523
2585
3590
4592
360
798
881
43
3564
733
3267
3678
4080
724
1257
4670
94
2974
2683
3373
1795
2317
2102
3105
3825
1449
926
3431
1132
2922
1351
4517
305
1281
10
3292
3665
289
1428
3351
20
2011
2901
1228
2235
3374
188
238
1740
2593
4216
735
1029
412
2204
3303
4788
2164
1504
1807
3287
2984
2219
1869
1929
4393
3738
164
540
3375
3991
1114
4628
1297
2481
828
3673
1614
3476
2225
316
4908
1892
1586
1580
4445
4759
3807
2322
2980
2789
2272
1451
4624
2148
399
3192
4088
2737
2655
2939
1894
766
204
55
4951
40
3841
3195
3242
298
2614
2475
3286
4001
4292
60
1683
1757
3950
4549
2440
4082
1904
3957
4026
1710
2018
1909
989
3657
1109
1272
1892
2326
146
1142
496
2958
2330
3158
2858
4286
3096
2674
2227
1098
211
2233
2103
4455
645
3769
1058
1419
4754
2141
4267
4971
4356
4844
2958
3125
338
1005
1112
899
3915
1926
4711
4428
3553
1546
3943
1430
3038
3977
42
2649
3053
1818
4663
84
3515
3219
2885
2735
2479
1574
4121
899
4457
1215
924
4229
4892
2276
4658
3485
4618
2474
2887
3158
1822
2481
4744
827
2328
4992
4661
3587
4421
1444
3637
4712
4270
3700
2326
1470
3987
1399
4321
2955
1581
3837
620
2854
2855
1297
303
2203
1721
4418
532
1295
1643
1965
1083
2967
1835
4925
3757
2453
3039
782
68
4406
1890
1962
881
4399
4434
3226
828
2650
2634
582
537
3867
36
1553
2318
2775
1372
3197
3679
4476
1190
339
4017
3642
3851
3474
4313
583
4257
1137
1392
2118
2482
2909
1524
3624
2738
2138
4708
3010
2368
4656
3501
98
4493
4638
3176
2598
4782
1249
856
4389
4130
2339
275
4592
4282
2194
3996
2373
1147
2452
117
3658
175
481
4832
3988
2414
1822
2355
55
3998
3534
4432
512
4006
787
4419
3853
3758
4309
682
3080
1402
2309
260
2762
4459
645
729
318
4048
1547
3511
2076
3663
1465
1538
1847
4644
55
432
960
1467
4043
3295
3502
1996
4474
581
4070
4053
1960
4080
4700
2563
1571
829
3237
4827
2060
1824
1449
797
2313
4742
4956
2098
456
2896
864
3094
132
567
1853
2392
3503
373
1347
3564
3188
633
2423
2448
2948
254
49
3879
3500
4711
4767
3444
3094
2579
4286
4690
4137
4455
1772
1389
4906
4832
4855
2995
2123
1243
567
384
268
1289
268
3133
4124
2838
718
3169
2698
4609
2130
1626
1511
462
4671
1597
3024
4857
3672
1008
1984
4502
168
3016
3319
310
4786
3597
1108
827
1409
2038
3173
1256
247
924
723
3734
1209
1972
4818
2214
494
169
2212
2889
3209
684
3288
4032
4590
4063
2713
4796
3691
3710
3356
4951
4024
2959
845
3603
2141
1933
4055
3727
57
2564
4505
2953
558
3700
2694
3982
716
2930
892
2439
3898
2845
194
3668
1786
281
4211
3211
4273
1165
508
3055
4949
2732
3990
2012
3978
1229
3835
2635
1038
2157
3163
3659
2300
547
1981
15
2225
4934
1563
494
2763
617
621
3877
1284
4959
2885
3538
1990
2079
1396
31
4531
1350
3797
4391
3767
238
1125
1335
781
2052
4605
1018
4779
3072
4891
511
3326
2096
1281
219
4112
2786
4227
263
2577
2387
3135
2166
2361
2586
1389
4426
3128
3156
1141
1979
3572
1777
728
3475
1828
176
99
4484
2265
1186
4652
2051
1742
1608
1436
908
1697
108
291
4127
1302
2829
811
3508
4427
464
1759
2237
2742
2183
3808
2843
377
4416
1390
1660
390
1109
906
2668
82
3043
2815
4798
17
4932
1446
2533
3514
452
3059
345
3616
628
4482
2845
1468
3488
1001
2507
2189
1030
3013
2922
1038
3134
3984
4881
2504
4751
3619
4244
2569
2969
2688
4346
1934
3121
4037
2255
1000
4539
3277
552
3911
4711
1470
3592
1734
4112
3472
2635
3840
259
4135
1482
3458
599
1682
2493
3716
3867
1892
4407
769
2462
2895
1216
2965
1105
4991
2980
988
4016
121
146
668
4092
532
4145
2572
2906
4817
2408
78
4162
4260
4630
253
3137
878
5000
2090
4616
1470
972
77
3032
4971
2140
197
4030
2572
1891
624
2710
1675
1778
3221
634
621
679
1884
3399
2904
736
3159
4935
2780
2204
1520
4013
1349
3039
3131
1541
2233
3390
3304
2997
345
17
3552
3860
596
204
2516
3657
4467
3745
4157
3583
226
21
3309
3304
1426
3516
1479
3121
1425
901
3529
4304
1840
3753
1697
1734
1116
165
4543
3129
2843
2168
3378
949
3266
2696
4237
782
4338
3837
2013
857
1183
4265
4995
1555
2659
3010
4921
1094
3731
2103
1939
369
1811
605
881
722
750
2845
2985
3538
726
645
2349
596
1740
3681
4630
3733
4873
3733
4048
389
1081
3162
3166
3070
1710
4151
4502
3045
2001
847
3583
4851
4
2097
4092
4978
4136
1135
3322
4955
3154
2576
660
3421
2560
2766
4076
3859
2313
1920
3626
3288
1245
2259
1927
3291
42
3517
1598
2573
2999
1655
1479
2840
201
3015
1495
2937
4618
3073
3058
3560
615
1044
2893
4697
4082
2941
3022
4011
966
2179
579
4274
1051
3437
2115
92
877
1314
3505
4606
1046
328
977
4323
3322
392
4394
3568
1462
4682
987
2739
2176
811
3842
4747
4789
1202
3235
4048
1182
429
3401
906
1908
2613
4587
4106
3211
681
4215
1325
4036
3501
43
3070
4910
1703
3246
1588
3679
3266
853
2095
2996
3986
2299
3953
845
4257
666
4711
2374
2342
1626
1249
910
1822
4991
196
3910
4575
3425
3481
1787
3091
148
3474
3055
142
2374
1492
4885
3439
1741
2135
4080
3549
1272
957
3706
4552
2230
2319
1982
919
2442
1481
2859
55
420
915
3268
601
3748
3515
3944
144
4450
128
2935
945
817
4744
1097
3260
3218
1553
502
2567
1510
3794
427
3847
317
3429
4489
2683
3011
2916
3772
4954
4807
1066
4064
2198
3293
642
3322
2227
4137
3178
4003
4370
1244
1648
1884
4664
3526
765
4156
2305
578
3753
1954
3841
4457
338
2985
3202
1257
84
4364
1507
3033
1612
3136
572
542
2849
344
4254
428
3406
3870
3164
3154
3094
472
2164
4325
2199
3747
3694
972
410
3879
4547
3209
4510
4978
2643
4250
3399
3401
274
4622
770
4133
4523
3356
4318
2338
4079
1124
679
4974
4186
4654
4896
1152
1238
3329
2308
4487
4544
2839
4329
2907
1163
3529
2067
1556
4016
4056
2934
3993
1184
4524
1260
4847
241
4905
4452
97
2471
2152
4935
1572
3383
938
3231
3751
4845
398
623
3094
3815
265
420
3482
4462
760
2054
4658
1653
537
1687
17
3663
4034
2238
869
3451
2756
3011
960
1241
3077
1301
2612
3081
4543
3848
282
2649
4032
802
3438
1936
4716
314
4277
2333
2474
4662
1627
538
2918
1056
3402
3584
3097
1680
3154
2022
1048
4820
2547
4595
1047
4738
3770
3084
4216
4589
2479
4523
1755
3196
1199
332
3751
3792
4673
3570
3169
4260
3644
2638
3923
4296
2869
961
2667
408
2045
3836
654
1199
451
2730
3837
4608
2032
4867
2784
3493
2010
1582
3024
4007
7
702
4878
257
816
2011
4316
2987
4014
3775
1485
3564
4955
4315
2122
2684
464
4675
4855
2936
2318
2897
2506
2277
4828
4546
3247
1169
4683
3056
4627
1886
1939
3235
1114
170
4358
3183
1199
837
4060
1270
4881
1081
1459
3911
603
435
1194
2190
3861
158
2304
2179
2585
323
1575
1705
507
1355
3874
3159
3156
1467
4404
869
3228
3793
1743
3273
2545
204
2721
2994
3168
953
3244
4043
1436
2425
2244
1433
3673
503
2905
5
1892
4328
3393
3442
346
3701
2842
2758
506
4006
3920
4001
1464
924
4570
2419
4935
3275
1151
2792
147
3460
236
1122
1492
2052
2706
3673
1657
883
1865
816
2329
254
2801
2174
1199
3971
2741
4760
2691
3948
2715
1326
1970
905
4951
2121
1165
1474
1475
1681
2652
560
538
2882
917
2820
2096
1136
1104
4906
1837
4348
2083
3680
2714
1596
1900
3173
1045
1660
2343
3458
4861
45
197
1607
1438
2259
4082
1711
3359
1649
3950
3042
4677
2854
268
1930
3074
3676
3020
1296
1633
3101
1221
1348
3540
699
380
4738
2046
2588
2922
1448
1823
323
2329
1599
2536
1306
1777
144
4757
1279
4356
961
4847
2871
418
1860
1413
4359
848
66
1306
3336
1676
3164
898
3199
624
1201
256
2853
247
438
192
3498
1738
4367
963
1295
2691
1113
1453
2200
2697
4907
419
4446
1963
2742
1
857
1724
330
4883
580
1151
4253
4112
2007
2582
4320
573
2897
1031
4540
173
1215
1081
1349
1114
2133
4901
1861
3379
2806
4394
1324
1334
195
2293
2949
1251
3514
1618
1863
1455
1693
4588
428
686
4012
3292
3904
2672
3344
2661
4041
1518
2642
31
798
4403
56
4404
2003
68
2239
2435
4015
3575
4965
2153
3635
287
4730
4238
4906
595
4665
1108
1423
1579
934
4102
986
632
554
4716
4114
1107
2911
177
2861
2103
979
3431
986
1209
4784
3783
2905
4109
1661
766
4999
3810
2869
2067
3270
604
1193
4983
1067
3095
4338
2179
4750
4774
3121
4013
3543
683
4688
1839
41
4058
704
1824
3638
2225
4266
4874
827
3072
4103
2273
411
677
1849
3648
66
2228
2701
3252
4668
4344
1999
2141
3932
4851
801
2835
624
2135
4986
3275
1106
3810
243
3200
2603
401
3814
2316
768
3596
1696
3967
3351
3843
992
272
740
3106
2686
2883
1782
2668
2801
4067
1411
1620
2844
3531
1858
4714
4499
2992
1149
1027
1036
199
3932
4958
583
1311
885
4858
934
2713
4003
4330
106
310
1513
1338
1265
3454
2149
3821
4775
2425
1859
2151
357
4633
279
765
2876
4788
4398
4271
1051
3978
4129
3461
1226
3101
4800
3104
226
935
1401
1356
987
3661
2736
2347
836
2011
2256
4319
4760
2571
3029
1058
3144
4569
914
1927
13
2816
4776
4516
4536
3337
4031
2541
3813
2971
2592
1328
4673
2197
2601
1914
2121
639
1526
1701
4511
4029
479
397
4573
2226
3402
4970
1392
1786
3695
669
2748
2340
3044
3302
4986
194
3832
555
377
3427
4604
3273
504
920
1745
3968
2939
3840
2425
3515
3022
208
538
4678
4152
1495
4260
4023
2036
4366
129
3080
4767
805
3378
3251
2120
4777
3098
1728
3683
197
116
2757
1633
1564
3335
3916
693
2263
1957
2760
4864
2283
4654
3803
3171
932
4040
1610
2941
3659
109
2455
874
3281
105
1835
2775
3597
2156
3408
3184
4278
2789
168
3049
4099
3445
997
1502
4874
784
1808
221
2433
2702
777
51
177
2172
361
2143
4866
541
1364
2774
2088
4471
4799
4018
1754
4484
578
4887
1463
597
4389
2132
3998
2570
2254
1577
3818
2871
377
1512
4146
3974
1408
4382
610
3890
3319
3198
347
3332
4407
2040
1812
3124
2184
982
2370
1098
4143
4155
153
941
4915
3372
3581
2434
4271
2882
4491
1037
4277
2218
1797
3359
1518
3991
1244
2260
3264
361
1792
3434
4096
1381
3351
679
1642
1150
4019
3617
1320
3692
1424
3692
263
2938
1059
773
4337
4202
1832
2095
2954
2382
1687
3045
3574
4336
1416
428
2192
3768
4218
3959
178
1675
238
2988
3282
2837
2890
3842
2700
2469
4378
3980
4293
2918
531
1153
1379
3222
3075
2171
1613
4391
1861
4028
1976
4859
4403
3314
4427
3182
1369
2117
4318
680
3987
566
509
3218
2747
2236
3519
4654
1877
1324
3518
2195
1410
196
3687
3563
942
1625
2869
351
3656
4206
4513
1406
2991
2170
3080
3710
2832
1659
2611
4680
3215
1827
4758
958
1831
1524
589
3814
734
3720
2594
4531
1535
4836
711
3758
3501
2294
2796
3512
4440
974
4747
3067
391
2004
591
1785
641
3642
3135
4397
4531
2258
1265
3258
852
1547
75
2035
3241
3309
2164
2454
4421
1473
3773
2352
231
104
3675
948
3421
1418
3480
2782
3942
4118
2976
3763
641
2280
2727
4676
2424
4948
252
2351
3558
207
4491
2655
4890
3133
4438
4238
4749
810
2372
971
2030
3956
2588
1456
370
2943
2319
4945
3430
4126
4963
740
517
1487
2935
1782
367
2738
706
2992
4531
4715
118
2402
2414
1088
843
1740
445
2895
384
4449
3681
950
1552
1128
3183
1379
3242
126
4532
449
2105
3932
4106
915
1918
3028
110
1106
896
3228
77
909
731
1374
4481
4331
1042
3956
1436
148
1028
3910
1973
4725
1755
627
1954
2793
95
2175
1431
3730
1792
4346
3548
4624
3858
1097
3294
208
3703
4927
2391
2737
3507
2360
2462
4261
3109
3786
3624
4015
4813
356
931
3535
2858
2118
765
2436
1370
912
2953
4337
2644
2866
4974
1524
2620
794
3129
227
619
2956
2733
1910
1271
1300
2202
960
3037
1155
3621
222
775
4441
2390
1907
2059
2959
587
3590
700
392
3179
3580
3883
1874
4739
3731
110
1191
1457
2376
1248
843
2795
1442
2267
2697
3304
199
741
2438
75
545
3273
616
963
3145
797
944
2540
4244
2191
1481
3771
3352
1960
3860
3630
3385
4158
1605
3778
1662
2798
3752
2938
205
2020
954
4626
1542
3356
1911
796
3951
2908
1798
4315
4267
4130
1137
2216
862
3067
600
1933
3800
1285
229
3176
1963
4189
15
2636
4485
3390
1734
2206
3708
2134
3877
1702
1438
832
4979
4954
4571
110
2911
4813
1529
1773
611
733
3883
3852
1083
2936
1433
3022
2360
1105
2234
1474
4804
4233
2755
3974
261
2393
3041
4611
2783
137
1421
3717
3583
3090
2522
3887
1603
2935
1761
4799
3938
2411
4037
486
2775
3419
4041
4555
1851
2440
1108
4001
1553
1675
2460
289
4038
3972
4319
1033
711
560
3940
2246
309
4244
1902
1652
2851
1997
154
2573
1809
249
4298
1101
870
3832
2981
3132
4569
450
4287
839
4330
1997
4493
4411
578
4180
3245
273
4107
169
2360
2533
607
1209
234
3665
2190
2988
971
2576
3213
932
983
4067
2028
3142
1130
379
4426
407
2830
1194
1908
477
4332
4817
1883
2220
3326
1758
952
1686
71
2120
4638
4452
3954
83
2404
3290
3563
4693
55
3380
2649
3299
338
4729
4827
1724
1770
3358
550
2262
3741
4473
2809
2298
4242
3304
3831
2825
1250
2665
3435
4945
2283
3
1847
3632
2801
2679
666
3707
2404
3376
3320
2580
2599
3543
1616
3582
642
900
2921
3348
4062
1518
591
3377
3617
3740
723
623
264
1236
2311
1451
4376
4405
4998
4997
4747
3713
4613
2453
1911
2084
3237
2028
1791
1869
4666
2215
4321
2878
4309
3144
1850
334
1840
1741
2648
2312
20
731
1853
2615
3425
3926
3026
1729
1991
3010
4687
3483
2469
50
2185
2080
2785
1626
2290
185
1527
4644
2285
2524
1634
3440
1156
1032
776
2422
2128
2826
2872
4440
2089
3853
418
4689
1219
172
3352
4712
1966
407
1610
320
1145
1932
1632
4342
1675
3140
1361
2140
3083
1193
4734
1577
1150
1243
1481
625
4284
2682
3943
1275
1973
4932
4537
930
1588
1396
3710
1479
4035
2131
2157
1120
1749
3727
1196
3040
1827
2109
4944
3387
1626
1350
3890
639
2081
4960
3124
2718
285
3955
4739
2227
4728
4891
1265
1307
756
2341
4707
649
432
1116
634
4960
209
226
3076
743
4914
4553
751
600
1100
879
2520
4315
4045
1493
4765
682
2053
1158
868
2386
2701
4681
3060
3745
1005
1151
2239
898
529
1261
322
3270
3980
322
2324
3450
4097
664
1832
797
4369
3140
942
2163
4137
784
4591
382
4771
1364
2825
3024
4897
3387
851
4870
1085
389
3567
237
1623
9
3049
3995
3754
4209
1022
2286
1794
769
1318
189
3909
2885
481
3146
2937
3875
426
50
3247
2573
3858
1055
2201
692
1046
2585
1148
4972
3049
3493
3229
2181
631
223
2501
742
4392
3477
652
120
3761
4671
2279
4912
1601
2206
2847
1529
3141
4374
3324
2059
4898
1012
847
855
1285
4929
468
4564
4902
2454
2242
1658
3397
505
2200
739
1461
1070
2212
1318
1695
325
2090
2856
484
4278
468
1171
1929
987
4216
722
1021
1326
189
3658
219
2821
329
2864
795
4187
895
4219
698
2264
2856
3526
670
4153
825
2876
4687
3502
996
3899
2006
1549
2203
2443
1404
4785
1956
2614
2335
483
3062
3471
4797
313
2980
3687
3319
3845
1753
364
413
3633
576
400
35
2736
2518
1361
4489
4262
4737
2957
3808
2116
4844
1104
2061
4390
1164
3791
4716
1289
706
1231
3866
3698
3756
4286
2063
4456
3919
2225
3289
114
664
4031
3804
142
2028
2094
969
3422
4825
3164
2565
1608
1817
2234
2804
1958
2996
2707
1905
2530
1151
2723
1978
3063
3751
1975
16
4747
2580
38
665
2757
4486
4106
417
4355
449
2104
3297
1512
965
4478
1985
1037
2197
4686
1228
1500
3337
79
4347
4584
3993
2600
84
433
671
4075
2068
1229
235
4905
202
3286
732
2811
4458
3960
2872
186
3860
1353
4869
2792
546
3435
922
4706
3129
1176
3533
2044
4889
2954
4623
1282
4775
3288
4190
3268
1908
2408
1751
1607
858
2214
1987
993
3616
4419
4729
2459
3861
2073
2450
3596
2344
2897
1525
121
1510
4723
2853
2858
2789
3253
2182
2956
512
1087
1343
1247
2106
284
704
2436
4476
3691
57
1533
1256
2522
1987
2661
1937
3095
3319
1887
1015
2737
4238
4813
3331
629
2897
4055
420
4726
4744
2544
2222
1315
1868
2653
3538
4147
894
1994
2309
806
1221
3923
3147
2451
3137
2423
3737
1655
4054
169
4033
2225
3279
1350
81
1700
3037
4743
2049
3180
2416
2079
4696
2999
938
1702
836
4452
3388
793
2676
3856
1663
3404
1865
4044
3152
4050
4047
3412
758
2737
2654
2635
145
3496
233
3298
4494
2971
1813
2789
373
3015
347
2154
1973
2969
1208
1643
2166
2477
4787
3875
1784
1914
1565
186
4665
2737
2011
2972
3024
556
4563
1101
4227
173
4675
452
2950
571
278
4005
4809
3823
4129
561
780
1499
2962
2912
4288
4425
763
2196
2918
4035
3995
1566
2749
703
1058
4204
3877
3373
401
2759
1516
2695
4409
226
848
986
4704
2693
3478
102
4307
2692
3330
2457
4642
178
187
1594
795
184
3108
2329
3891
2942
1925
154
3868
664
437
2986
3256
1598
4972
1066
1275
648
2180
289
4021
1454
406
3397
921
3805
3987
857
2740
820
4748
2581
346
655
4683
875
207
2879
2949
1043
1307
1034
4102
2414
1333
527
1444
797
3748
4404
1295
174
2071
3048
1884
4159
2916
3685
2562
397
4697
4415
4810
4769
3350
2248
4027
2453
4424
1634
2044
881
1034
775
3950
4299
915
1278
2456
3439
2512
3516
2397
1215
1850
271
4862
849
2029
3626
902
3103
1573
4641
1702
1791
1566
3544
4574
4905
4717
3317
3184
834
2392
1445
3612
3919
3941
1135
4940
246
4972
1979
3569
2024
4140
3492
4157
1935
2613
3603
2323
3545
49
4797
4692
65
4845
1222
2935
2830
4849
1889
4932
861
2753
4826
4858
3699
1768
428
3754
1481
4531
2484
3192
531
4172
588
2984
2803
4760
2071
381
2811
4624
3483
1671
1075
4247
1235
1125
1556
98
1967
1616
4250
4526
4888
2283
460
4535
1620
1880
1487
2279
1640
632
395
844
1920
1308
2647
2563
894
3194
3288
2381
2549
3224
850
2062
68
4001
4366
968
466
3668
3462
1766
693
2867
2058
593
4300
1840
1558
4274
3572
1934
1220
1679
791
2348
1002
1380
3576
1606
4266
1279
3970
2217
3030
3803
4664
4201
2914
3944
4354
4113
2605
323
1469
4888
2473
4629
401
3639
1972
3519
2662
1893
2057
4326
4117
2558
3838
767
1371
633
1066
4621
2564
4511
3143
4014
4586
3152
4312
4752
47
635
4531
4244
1858
2590
3937
2920
3415
4802
4760
4875
1018
2510
164
384
92
3396
1664
2620
1982
3296
4184
1975
3576
1072
4786
3265
551
4262
445
3505
4406
4825
2379
1997
3080
2179
1703
3619
3447
3671
2539
4924
350
530
1119
2819
3212
3838
1520
2044
3261
2501
466
4409
99
654
3537
1958
2545
1520
3045
1015
2057
993
661
476
1830
2775
4543
2478
4450
941
137
2690
2476
1286
2184
3275
1487
2458
3374
2452
1648
2125
660
4754
1622
4586
4349
1347
1772
2786
985
4302
4554
3131
1726
2609
1980
893
2277
639
71
2242
3437
2160
43
2140
250
4832
1407
3549
2905
2596
455
1191
1770
309
1199
3004
4026
127
1114
2939
4762
552
3012
4436
4675
3434
2010
637
699
4257
1302
4665
3000
4720
858
4776
4456
1365
3949
687
2638
2980
565
3801
2938
4460
4101
4798
728
1538
945
3261
1955
2466
3248
4264
3517
1386
2889
711
1704
3906
2261
4415
4694
3271
3011
1710
4785
374
3471
4276
4026
3448
3226
1019
1469
4731
2375
275
392
3297
3329
3288
3959
3399
2461
3515
4599
2987
266
3148
3667
2341
1551
2653
3223
2734
3556
3978
672
816
1167
36
1653
2669
770
2308
4547
4832
4355
2768
21
930
998
2831
410
1608
1870
4350
2860
1280
3938
3420
4225
2522
2264
1058
1262
771
2077
4611
4257
3265
1270
3060
33
1414
2933
1063
2960
467
4500
1845
1468
2788
493
1415
2748
1044
2360
3068
3022
423
1775
4743
3867
865
2133
2691
1554
2205
4364
3140
4951
2060
4180
4340
219
4346
2928
4159
3570
1432
690
1187
971
2300
1779
3292
1882
4083
2085
1701
1228
738
2718
3177
3353
3362
2077
3777
1085
62
2810
4173
2379
3769
1691
3878
821
3616
3613
276
2404
2669
4785
4503
4867
3784
986
905
1375
3423
3902
610
2605
557
439
1402
3075
454
332
828
383
2611
4869
2243
2079
3666
2328
2364
1716
2808
937
1178
1413
3647
971
691
3918
839
1878
749
1932
2387
4646
4607
2067
2281
4718
527
2741
3295
4342
1473
2571
511
3228
410
198
4377
1641
4483
3943
237
4077
1939
2995
3234
308
1991
3854
782
4777
3951
1251
1041
704
884
4790
1350
539
70
1411
643
479
4934
643
1568
116
2007
1979
1075
3646
1399
540
2176
4926
4775
967
1600
2568
2049
4991
4556
380
4517
3003
2833
4557
3111
2566
1792
2651
65
2843
3378
1764
1712
2007
3323
4868
2034
4041
4215
4810
776
3379
4783
3292
3259
1034
861
2076
3812
2761
307
1596
1689
3317
3377
4715
1428
4439
4632
4751
912
3819
4045
3415
3672
1439
3632
2973
3099
4766
4912
1159
3833
1580
4393
303
4859
1840
2158
2199
182
4886
3541
459
1423
2471
2740
4159
3903
3883
143
3771
341
4694
806
3471
2500
1086
1696
556
1466
4933
4120
3935
3542
412
4462
3346
4673
3710
1401
760
3919
4707
3769
4101
1582
2058
2612
2858
274
784
529
1984
1770
256
2030
747
268
514
995
3244
4636
2130
2122
4923
4703
3832
3
2040
3700
3106
1162
1146
979
1084
76
1207
1215
200
1282
2269
1051
3619
4276
4986
894
3899
3418
1972
1280
2680
2080
1604
3153
3789
3996
4217
3080
4046
3628
3739
788
1700
2170
2521
397
3608
1434
1355
2201
1788
4256
675
2275
3511
3224
4807
1235
1194
400
7
1649
614
3954
574
7
3094
2810
3216
79
2370
2572
1291
4115
4795
558
1013
2208
1278
211
4228
4053
2226
2440
753
4865
733
2948
1980
229
1094
2203
1888
3414
2575
3961
1682
720
3319
355
1187
3812
2577
126
1093
3866
1687
2875
3779
3719
2938
1338
859
2332
4572
2013
1844
4229
1991
1914
1601
2046
2109
877
1593
686
268
430
2525
1967
2931
2747
3035
3358
948
1995
2556
4813
4997
3898
2116
2640
2237
1846
837
1732
2216
2751
4151
1872
1227
3890
183
2897
899
3814
3120
3029
1083
10
3177
4347
3532
2541
2860
3783
4706
414
3150
2167
4234
4485
2652
1473
2842
377
1461
345
3308
3078
2646
3998
2219
181
3569
453
2002
2175
1357
4295
4269
3673
4310
557
3769
4317
3468
3577
1218
4727
1889
952
599
384
3243
3739
804
1055
4104
526
2085
2886
4857
4875
4613
3228
3270
3695
3712
4558
1436
344
2772
1822
4619
927
2778
2983
3779
292
2313
3293
3879
3382
2779
150
1972
772
710
4149
1687
772
1287
3261
4261
403
1095
4599
4106
3265
3903
1613
841
383
2387
3088
2754
1112
3539
2305
4858
2740
1217
4974
399
844
1691
418
3645
1853
2208
2484
4302
4453
70
1878
2448
3985
2301
212
2550
3041
2734
3326
4698
1857
1069
4611
7
3975
4047
1505
3284
3623
2402
1662
4067
3973
2537
4911
4525
4620
759
1912
4126
4246
1700
4821
1502
2479
4686
2486
1994
592
2194
2441
612
4951
3299
2129
3431
1618
3558
3722
2245
1182
2816
391
3581
1107
2806
3100
2265
4848
870
642
2757
3261
2387
2007
3884
4773
1825
2075
2292
2887
348
4915
2659
529
4228
754
3143
3804
2702
3518
2111
380
1087
3419
1605
349
4731
2427
776
1229
2988
4821
345
3267
172
1782
63
1999
4233
516
1977
4029
1612
950
246
225
4160
289
1297
3435
1776
2247
2298
427
2230
3392
3606
2957
4413
3825
1057
3548
4620
4343
499
2282
2638
2244
2794
354
4827
4835
2191
1786
1863
1372
2254
795
2226
764
759
3673
988
1523
3760
2081
2290
4523
536
3381
4430
1776
2033
3782
4396
4817
1871
19
2361
1181
1158
3681
3632
4071
2578
1156
4664
3520
3690
4812
837
2542
1558
4133
219
3207
4538
1430
4953
1787
2875
1748
3541
1087
2830
42
3912
4014
4355
262
2998
193
983
3920
4146
3505
1943
4663
3060
1788
2712
4790
3939
151
3615
4172
1264
1850
4932
2786
1094
4391
1090
3738
1930
679
644
3113
2317
3500
906
774
344
3751
3892
2412
4021
2678
3914
1274
2641
2855
4155
4864
224
3631
4421
621
4575
2089
2119
2813
4457
3272
307
2104
3497
1496
3954
4159
1542
4756
3650
4446
3718
4482
2759
2836
347
893
4401
4667
1976
420
920
4163
251
3875
802
1379
2229
2960
4015
3327
2900
2174
4589
895
4080
4028
227
3503
974
3141
716
1907
2536
2431
1644
4644
1282
2272
1063
2714
4200
2408
1938
4350
1718
4816
2912
2797
4370
4892
1837
1103
103
941
3709
878
502
1059
4104
1113
4788
729
2806
576
2038
3570
4988
4781
1725
842
2196
4604
266
2500
2203
1855
283
4552
388
1611
4393
4721
342
2647
3413
2403
1333
2273
2215
3897
3168
2598
2926
4230
4033
10
742
1612
1619
1590
4843
1583
1024
2224
2145
2097
2455
4006
4830
2751
3031
1296
1907
1621
4865
2643
1556
3552
1551
2162
502
3961
3734
780
3353
2058
3047
1470
1737
2607
739
2286
3583
3702
4904
2701
1238
3788
3140
4492
1230
490
1229
681
2235
1916
3982
1234
344
1882
4388
3356
3087
3223
715
1687
2040
1812
4666
969
3764
3849
1788
3351
4808
446
119
2598
1784
2041
1355
2880
2689
4340
2528
3062
3561
3476
1741
1801
801
1806
270
1925
17
1929
432
2674
4631
4540
2030
2561
313
3480
2593
3130
3695
2451
2257
4111
124
4096
3833
3141
3391
4685
4241
1964
2535
255
2739
2638
2202
2737
4141
4749
1445
4760
2067
998
4306
1232
1903
4143
962
4281
4536
3894
3087
2868
1409
862
2808
3390
3432
4563
2755
618
3744
4099
3709
1382
1673
812
485
558
257
1032
4826
3176
3213
3952
3143
3686
1276
1048
1554
4952
524
2929
3005
643
2326
913
4871
3137
1539
2666
716
3822
684
4503
2057
2177
3507
3491
94
793
3107
2168
653
4576
1072
4068
2026
687
4013
1448
4630
3779
4385
1419
294
4640
2865
4272
541
3025
2033
3231
4216
19
3876
129
639
3627
4451
1822
3800
671
685
959
3289
1446
3547
2812
3566
2041
1045
1073
3217
1738
4247
3373
4323
4199
4438
1703
3612
321
63
2656
4268
1606
255
4037
741
4473
2909
290
3173
1618
4957
278
3189
4456
4005
4335
4074
3444
2575
3155
3295
2909
3653
3660
4493
3152
888
4916
4593
4299
2846
1260
4056
2037
3304
113
636
1145
1325
2718
4748
1275
4153
4517
3601
1296
3700
3528
2153
4028
2144
87
2077
3632
4976
4227
2059
2582
2852
3255
570
4624
1122
382
86
3990
3286
3909
4831
4380
2252
406
1974
3311
3658
1215
968
3200
4280
4372
4017
907
1470
979
2430
3473
1096
3481
2774
3724
3825
4769
4111
3200
4213
4068
1582
4176
4952
1676
1869
4951
3882
728
3107
1372
2396
2217
2969
4765
2704
4420
2277
513
1344
290
4802
1069
4686
2159
1457
1559
1911
4569
1966
1138
760
3739
1769
3153
3890
2274
1284
4467
1389
2409
4825
817
1941
2943
1942
97
3572
1811
1068
954
3803
3205
2444
4570
242
1254
1597
3559
1720
1193
766
