9998
9997
9996
9996
9995
9994
9993
9991
9991
9988
9988
9987
9987
9987
9985
9984
9983
9981
9979
9979
9979
9978
9978
9977
9976
9973
9973
9972
9969
9968
9966
9965
9964
9964
9961
9960
9960
9959
9958
9957
9956
9955
9952
9952
9951
9951
9950
9950
9950
9948
9946
9946
9945
9944
9940
9938
9938
9937
9935
9933
9932
9932
9932
9932
9930
9929
9928
9927
9926
9924
9923
9923
9923
9922
9920
9919
9916
9916
9912
9910
9910
9909
9909
9909
9909
9907
9907
9906
9905
9904
9904
9903
9902
9901
9901
9901
9899
9899
9898
9897
9897
9896
9895
9894
9892
9892
9891
9891
9890
9887
9885
9885
9880
9879
9879
9877
9876
9876
9875
9875
9874
9873
9871
9870
9870
9869
9869
9868
9867
9867
9863
9863
9860
9860
9859
9859
9858
9855
9853
9852
9850
9849
9846
9845
9845
9844
9844
9841
9840
9837
9836
9835
9835
9834
9833
9833
9832
9832
9831
9831
9830
9828
9828
9825
9825
9824
9824
9823
9823
9823
9822
9821
9821
9820
9820
9818
9818
9818
9817
9817
9816
9816
9815
9814
9812
9812
9812
9811
9810
9810
9809
9808
9806
9804
9800
9799
9798
9797
9797
9795
9794
9792
9791
9791
9789
9789
9788
9787
9786
9781
9780
9777
9777
9776
9776
9775
9775
9774
9774
9773
9772
9771
9769
9768
9767
9767
9764
9764
9764
9759
9757
9757
9756
9755
9754
9753
9752
9752
9751
9750
9749
9749
9747
9746
9744
9743
9742
9741
9739
9738
9738
9736
9736
9735
9735
9735
9733
9732
9732
9730
9729
9729
9728
9728
9728
9727
9727
9726
9725
9723
9722
9720
9719
9718
9718
9718
9717
9715
9715
9715
9714
9713
9712
9712
9709
9709
9706
9705
9701
9701
9700
9699
9699
9699
9698
9698
9696
9695
9694
9689
9688
9687
9687
9686
9685
9685
9685
9684
9682
9681
9681
9681
9680
9680
9679
9677
9677
9675
9674
9674
9673
9672
9669
9667
9667
9664
9664
9663
9662
9661
9661
9660
9660
9659
9658
9656
9653
9652
9651
9651
9650
9649
9648
9648
9647
9645
9645
9644
9641
9640
9639
9639
9638
9635
9635
9635
9633
9632
9631
9630
9629
9629
9627
9627
9625
9625
9624
9619
9616
9616
9616
9615
9614
9614
9613
9612
9611
9611
9610
9610
9610
9609
9606
9605
9601
9601
9601
9599
9598
9598
9597
9596
9596
9596
9594
9592
9592
9592
9592
9591
9591
9591
9590
9589
9588
9583
9579
9577
9577
9576
9575
9575
9572
9570
9570
9569
9568
9567
9566
9565
9563
9562
9560
9559
9559
9556
9556
9554
9554
9552
9552
9551
9551
9548
9548
9545
9543
9543
9543
9543
9541
9541
9540
9539
9539
9539
9538
9538
9535
9535
9533
9532
9532
9531
9530
9530
9529
9529
9529
9529
9526
9526
9525
9523
9521
9519
9518
9518
9516
9515
9515
9515
9514
9514
9513
9513
9512
9512
9512
9510
9509
9509
9508
9505
9503
9503
9503
9503
9502
9501
9501
9501
9499
9498
9497
9494
9494
9494
9493
9493
9492
9492
9488
9484
9483
9482
9481
9481
9480
9479
9479
9478
9477
9477
9476
9475
9475
9475
9473
9472
9472
9471
9471
9469
9469
9467
9466
9466
9465
9465
9464
9464
9463
9463
9461
9460
9459
9458
9457
9456
9455
9454
9454
9453
9453
9452
9452
9451
9451
9449
9447
9445
9444
9444
9440
9440
9438
9437
9437
9435
9434
9432
9432
9432
9431
9430
9430
9425
9424
9423
9423
9421
9421
9421
9421
9420
9420
9419
9417
9416
9415
9414
9414
9413
9413
9411
9411
9410
9410
9409
9409
9406
9405
9405
9405
9401
9401
9400
9399
9398
9398
9397
9397
9395
9395
9395
9393
9393
9392
9391
9391
9391
9388
9387
9386
9382
9381
9380
9378
9378
9376
9376
9373
9372
9372
9372
9371
9371
9369
9369
9368
9367
9366
9366
9365
9365
9364
9364
9364
9363
9362
9359
9357
9357
9357
9355
9355
9354
9354
9349
9347
9345
9345
9345
9345
9343
9343
9342
9340
9339
9337
9337
9336
9336
9334
9333
9332
9331
9328
9327
9327
9327
9327
9326
9326
9325
9325
9324
9324
9323
9323
9319
9319
9319
9319
9317
9316
9316
9316
9316
9315
9315
9313
9312
9312
9311
9310
9309
9309
9305
9305
9305
9303
9303
9302
9300
9299
9298
9298
9295
9293
9289
9289
9288
9286
9286
9285
9285
9284
9283
9282
9280
9280
9280
9278
9277
9275
9274
9273
9272
9271
9269
9265
9265
9263
9262
9262
9261
9261
9259
9258
9253
9252
9252
9252
9251
9250
9250
9249
9249
9248
9247
9247
9245
9243
9241
9241
9240
9240
9239
9239
9239
9238
9238
9238
9237
9236
9234
9234
9232
9228
9227
9225
9225
9223
9223
9223
9222
9221
9219
9217
9217
9216
9216
9214
9213
9212
9212
9210
9210
9209
9209
9207
9207
9205
9205
9202
9201
9201
9200
9199
9198
9197
9196
9195
9193
9193
9192
9191
9191
9191
9190
9189
9189
9189
9187
9187
9187
9185
9181
9181
9179
9179
9179
9178
9177
9176
9174
9173
9171
9170
9169
9169
9168
9167
9165
9164
9163
9163
9159
9154
9154
9154
9153
9152
9152
9150
9149
9148
9145
9144
9144
9144
9143
9142
9139
9138
9136
9135
9135
9134
9133
9132
9130
9129
9129
9128
9123
9122
9122
9121
9119
9118
9118
9117
9117
9116
9116
9116
9115
9115
9114
9113
9113
9109
9106
9105
9105
9104
9104
9102
9102
9100
9099
9097
9097
9095
9095
9094
9093
9093
9093
9091
9091
9090
9088
9088
9088
9086
9086
9084
9084
9082
9081
9081
9081
9078
9078
9077
9077
9077
9076
9076
9075
9073
9072
9072
9071
9071
9070
9070
9068
9064
9063
9063
9063
9063
9063
9062
9062
9061
9061
9060
9060
9060
9059
9058
9057
9056
9055
9054
9053
9050
9050
9049
9048
9048
9048
9047
9047
9044
9043
9041
9039
9038
9036
9036
9035
9035
9035
9034
9033
9033
9033
9033
9032
9031
9030
9030
9027
9026
9026
9025
9025
9024
9023
9021
9021
9020
9020
9019
9019
9017
9015
9014
9012
9012
9012
9008
9006
9005
9005
9004
9003
9002
9001
9001
9000
9000
8999
8999
8998
8998
8996
8996
8994
8994
8994
8993
8993
8992
8992
8991
8991
8989
8988
8984
8984
8983
8983
8983
8983
8983
8983
8982
8979
8979
8978
8977
8977
8976
8973
8972
8971
8970
8969
8969
8969
8969
8968
8967
8967
8966
8964
8962
8961
8961
8959
8959
8959
8958
8957
8957
8957
8955
8955
8955
8955
8954
8953
8953
8952
8952
8951
8951
8951
8950
8948
8947
8947
8947
8944
8942
8942
8942
8942
8941
8940
8938
8938
8937
8935
8933
8933
8932
8932
8930
8930
8930
8930
8930
8929
8929
8929
8928
8926
8925
8925
8924
8923
8923
8922
8921
8921
8921
8921
8920
8920
8919
8919
8916
8913
8913
8913
8912
8912
8908
8907
8907
8907
8906
8904
8904
8903
8901
8901
8900
8898
8898
8897
8896
8896
8895
8892
8891
8890
8890
8889
8888
8888
8886
8886
8885
8884
8880
8878
8878
8877
8876
8874
8873
8872
8872
8871
8869
8869
8869
8869
8866
8865
8863
8862
8859
8859
8857
8855
8854
8853
8849
8849
8848
8847
8845
8845
8843
8843
8842
8842
8841
8841
8837
8836
8836
8833
8833
8833
8829
8828
8826
8825
8825
8822
8822
8821
8820
8819
8818
8817
8815
8812
8812
8811
8809
8809
8808
8807
8803
8802
8802
8802
8802
8799
8799
8799
8798
8796
8796
8796
8795
8794
8794
8794
8791
8791
8791
8791
8791
8791
8790
8790
8788
8784
8783
8782
8782
8780
8780
8778
8778
8775
8775
8774
8772
8772
8771
8770
8770
8770
8767
8766
8766
8764
8763
8761
8760
8757
8756
8756
8755
8754
8754
8749
8749
8749
8749
8748
8747
8747
8747
8746
8745
8745
8745
8745
8743
8740
8740
8739
8739
8739
8739
8738
8737
8736
8736
8735
8732
8732
8731
8730
8728
8727
8724
8722
8721
8720
8720
8719
8719
8718
8718
8715
8715
8714
8714
8712
8710
8710
8710
8709
8708
8708
8707
8707
8707
8706
8705
8701
8699
8698
8697
8695
8695
8693
8691
8691
8690
8690
8686
8686
8685
8682
8681
8680
8680
8680
8679
8679
8678
8676
8674
8671
8671
8670
8668
8665
8665
8664
8663
8662
8661
8661
8660
8659
8658
8658
8657
8655
8654
8654
8652
8651
8651
8650
8650
8648
8648
8644
8644
8644
8643
8643
8642
8641
8639
8638
8638
8638
8636
8636
8635
8633
8632
8630
8629
8628
8627
8622
8622
8621
8616
8616
8616
8616
8615
8615
8615
8610
8610
8610
8609
8609
8606
8604
8602
8602
8601
8601
8601
8600
8600
8599
8598
8598
8597
8594
8590
8589
8588
8588
8588
8587
8587
8586
8584
8583
8582
8581
8581
8580
8579
8577
8576
8576
8575
8575
8575
8572
8569
8568
8565
8561
8560
8560
8559
8555
8554
8554
8552
8551
8549
8547
8546
8542
8542
8541
8539
8538
8537
8537
8535
8535
8535
8534
8534
8533
8532
8531
8528
8526
8522
8519
8519
8518
8513
8512
8512
8512
8511
8511
8511
8510
8508
8508
8508
8508
8507
8507
8505
8504
8503
8502
8501
8501
8500
8499
8498
8497
8496
8495
8495
8494
8488
8488
8486
8485
8485
8484
8484
8484
8483
8482
8481
8479
8477
8477
8477
8476
8470
8469
8469
8467
8467
8466
8466
8465
8464
8462
8462
8461
8460
8459
8459
8458
8455
8453
8452
8451
8451
8449
8446
8446
8445
8445
8444
8444
8442
8441
8440
8439
8438
8437
8432
8432
8430
8430
8429
8428
8428
8428
8427
8427
8427
8426
8426
8426
8425
8422
8420
8419
8419
8417
8417
8416
8415
8414
8413
8413
8412
8411
8410
8410
8409
8408
8408
8407
8405
8405
8403
8402
8402
8401
8400
8400
8399
8398
8397
8396
8396
8394
8393
8390
8390
8390
8390
8385
8385
8385
8383
8382
8381
8380
8378
8374
8374
8373
8372
8372
8372
8371
8364
8363
8363
8362
8362
8361
8361
8361
8357
8357
8356
8355
8353
8353
8351
8350
8350
8348
8348
8346
8346
8345
8343
8342
8341
8340
8339
8335
8335
8334
8333
8331
8330
8329
8328
8327
8325
8324
8319
8319
8318
8318
8317
8315
8314
8314
8314
8313
8312
8311
8311
8311
8310
8309
8309
8308
8308
8306
8306
8305
8305
8305
8305
8305
8304
8303
8302
8300
8300
8297
8296
8295
8294
8292
8289
8289
8288
8288
8285
8285
8284
8283
8281
8281
8280
8278
8277
8276
8276
8276
8274
8274
8273
8273
8271
8271
8270
8270
8269
8269
8263
8262
8262
8261
8258
8258
8257
8256
8256
8253
8253
8250
8249
8249
8248
8248
8246
8246
8245
8243
8243
8242
8242
8241
8241
8240
8239
8238
8238
8237
8237
8236
8235
8234
8232
8232
8230
8230
8229
8229
8229
8227
8227
8226
8222
8221
8220
8219
8217
8217
8217
8215
8212
8212
8212
8211
8209
8209
8209
8208
8207
8207
8207
8204
8204
8203
8202
8201
8199
8199
8198
8197
8197
8196
8196
8196
8195
8195
8195
8193
8192
8192
8192
8192
8191
8190
8190
8189
8188
8188
8188
8186
8183
8183
8182
8182
8182
8179
8179
8178
8178
8177
8173
8173
8172
8171
8170
8170
8169
8169
8165
8162
8162
8161
8161
8160
8160
8159
8159
8159
8156
8156
8156
8156
8155
8153
8153
8152
8152
8149
8148
8148
8147
8147
8146
8146
8145
8145
8142
8141
8140
8137
8137
8136
8136
8134
8133
8132
8132
8131
8127
8127
8126
8124
8123
8121
8120
8119
8118
8117
8116
8116
8114
8114
8113
8112
8112
8111
8111
8110
8108
8108
8106
8106
8104
8104
8104
8103
8103
8102
8102
8099
8096
8095
8094
8092
8091
8086
8086
8085
8085
8085
8084
8084
8083
8083
8082
8082
8081
8081
8081
8080
8079
8079
8079
8078
8076
8075
8074
8074
8072
8071
8070
8070
8070
8069
8068
8068
8066
8065
8063
8062
8062
8061
8060
8060
8060
8059
8058
8057
8056
8056
8055
8054
8051
8051
8051
8050
8047
8047
8046
8044
8043
8042
8042
8042
8040
8037
8036
8034
8029
8028
8026
8025
8024
8021
8021
8020
8018
8018
8017
8015
8014
8013
8012
8012
8011
8008
8007
8007
8005
8005
8005
8004
8002
7999
7999
7996
7996
7994
7990
7989
7987
7986
7986
7985
7984
7983
7983
7982
7981
7981
7981
7980
7980
7979
7979
7979
7977
7977
7976
7976
7975
7974
7973
7972
7972
7971
7971
7968
7966
7965
7965
7965
7963
7962
7961
7960
7960
7960
7960
7960
7959
7957
7957
7956
7956
7956
7954
7954
7953
7953
7952
7952
7950
7949
7949
7947
7947
7947
7944
7944
7942
7942
7940
7939
7939
7934
7933
7932
7931
7929
7928
7926
7926
7926
7926
7924
7924
7923
7922
7922
7922
7921
7918
7918
7916
7916
7916
7915
7913
7913
7912
7909
7908
7905
7903
7902
7902
7900
7899
7899
7898
7898
7898
7895
7894
7894
7894
7893
7891
7890
7889
7888
7888
7888
7887
7886
7886
7886
7886
7885
7884
7883
7883
7882
7880
7880
7879
7879
7876
7876
7875
7875
7873
7872
7872
7871
7870
7868
7868
7865
7863
7862
7861
7861
7859
7858
7858
7858
7856
7854
7853
7852
7847
7847
7847
7847
7847
7846
7845
7844
7843
7843
7841
7840
7839
7838
7836
7835
7835
7833
7832
7830
7830
7829
7829
7829
7828
7827
7826
7826
7825
7823
7823
7821
7820
7818
7817
7817
7815
7813
7812
7810
7808
7806
7806
7803
7802
7800
7799
7797
7797
7795
7792
7791
7791
7790
7789
7789
7789
7786
7786
7785
7785
7785
7784
7784
7783
7782
7780
7779
7778
7776
7776
7775
7775
7774
7774
7773
7773
7773
7770
7770
7768
7766
7765
7764
7764
7764
7763
7762
7762
7760
7757
7754
7752
7751
7749
7748
7748
7745
7744
7742
7741
7739
7738
7738
7737
7736
7736
7736
7736
7735
7735
7735
7733
7732
7730
7730
7729
7725
7724
7723
7723
7722
7721
7717
7716
7715
7715
7714
7713
7712
7712
7712
7710
7709
7709
7706
7706
7705
7704
7702
7702
7693
7692
7691
7690
7690
7689
7689
7688
7688
7688
7684
7683
7683
7682
7680
7680
7680
7679
7679
7677
7677
7674
7671
7670
7670
7670
7670
7668
7667
7666
7665
7665
7665
7664
7663
7663
7661
7660
7657
7657
7656
7656
7654
7654
7652
7648
7648
7646
7641
7639
7639
7638
7637
7637
7637
7635
7634
7634
7634
7633
7631
7629
7629
7628
7627
7626
7626
7626
7625
7624
7623
7622
7622
7621
7619
7618
7617
7615
7615
7614
7614
7612
7611
7610
7610
7609
7609
7608
7608
7608
7608
7607
7605
7604
7601
7598
7598
7596
7596
7596
7595
7595
7594
7593
7591
7591
7591
7590
7589
7587
7585
7584
7584
7582
7581
7580
7580
7579
7579
7576
7575
7573
7572
7570
7569
7568
7568
7567
7567
7566
7564
7563
7560
7559
7559
7559
7559
7557
7556
7555
7554
7554
7553
7551
7551
7551
7550
7548
7548
7547
7546
7546
7546
7545
7544
7544
7542
7542
7541
7541
7539
7536
7535
7534
7534
7533
7532
7531
7531
7531
7529
7529
7529
7528
7526
7526
7523
7523
7522
7522
7522
7520
7520
7519
7518
7515
7514
7514
7514
7513
7513
7510
7509
7508
7508
7504
7503
7503
7502
7501
7501
7500
7499
7498
7494
7493
7492
7490
7490
7490
7489
7488
7488
7487
7485
7485
7484
7481
7480
7479
7479
7479
7475
7475
7472
7472
7471
7471
7468
7468
7468
7467
7463
7462
7462
7460
7460
7459
7459
7457
7456
7455
7453
7452
7452
7449
7449
7449
7448
7447
7447
7447
7447
7446
7444
7444
7443
7443
7442
7439
7439
7438
7438
7438
7435
7433
7433
7431
7431
7431
7430
7429
7428
7427
7426
7426
7425
7424
7420
7420
7418
7418
7417
7417
7416
7414
7414
7413
7413
7412
7410
7409
7409
7409
7406
7406
7405
7405
7403
7401
7401
7401
7398
7398
7398
7398
7395
7394
7393
7391
7391
7390
7390
7389
7389
7386
7386
7385
7381
7381
7380
7379
7378
7377
7376
7374
7372
7371
7370
7370
7369
7367
7367
7366
7366
7365
7365
7364
7364
7363
7362
7361
7358
7357
7356
7355
7355
7350
7350
7349
7347
7346
7346
7344
7344
7344
7342
7342
7341
7341
7341
7340
7340
7338
7337
7335
7335
7333
7333
7332
7332
7331
7328
7325
7324
7324
7322
7321
7320
7320
7319
7319
7318
7317
7314
7314
7314
7313
7313
7313
7313
7311
7310
7307
7305
7304
7304
7303
7303
7302
7302
7301
7300
7299
7298
7298
7298
7297
7294
7294
7293
7291
7290
7289
7288
7288
7287
7286
7286
7284
7283
7282
7282
7281
7280
7280
7279
7279
7278
7278
7277
7277
7276
7276
7276
7274
7271
7270
7270
7269
7269
7269
7268
7268
7267
7267
7267
7266
7266
7265
7259
7258
7257
7256
7255
7254
7253
7251
7250
7249
7249
7249
7249
7247
7247
7245
7245
7244
7243
7243
7242
7242
7240
7239
7239
7238
7238
7238
7237
7237
7237
7235
7235
7234
7233
7233
7232
7230
7230
7229
7229
7228
7227
7226
7226
7226
7225
7225
7224
7224
7223
7223
7223
7223
7222
7221
7221
7218
7217
7214
7213
7212
7212
7211
7210
7210
7207
7206
7205
7203
7199
7198
7195
7195
7192
7191
7189
7188
7188
7187
7187
7186
7185
7185
7183
7182
7182
7182
7182
7181
7181
7180
7180
7177
7177
7177
7177
7175
7172
7172
7171
7170
7169
7169
7168
7167
7165
7165
7165
7164
7164
7163
7162
7160
7160
7157
7155
7154
7154
7154
7154
7151
7151
7149
7148
7147
7147
7146
7145
7145
7144
7143
7140
7140
7139
7138
7138
7137
7135
7134
7134
7133
7129
7129
7128
7127
7127
7124
7122
7121
7121
7121
7121
7119
7119
7118
7115
7113
7113
7111
7111
7110
7108
7108
7107
7102
7101
7100
7100
7097
7096
7096
7096
7093
7093
7092
7092
7091
7090
7090
7087
7085
7085
7078
7078
7077
7076
7074
7073
7072
7071
7066
7066
7066
7065
7065
7062
7062
7058
7057
7057
7056
7053
7053
7052
7052
7049
7049
7049
7047
7046
7045
7044
7044
7043
7041
7041
7038
7037
7034
7034
7033
7033
7033
7032
7030
7029
7029
7027
7027
7026
7024
7022
7020
7019
7016
7015
7015
7014
7013
7013
7013
7013
7012
7012
7011
7009
7009
7008
7008
7007
7007
7006
7006
7003
7003
7003
7002
7002
7002
6999
6998
6996
6995
6993
6993
6991
6988
6987
6985
6985
6984
6983
6981
6981
6980
6979
6978
6978
6978
6976
6976
6974
6974
6971
6970
6969
6969
6969
6967
6967
6966
6965
6964
6964
6962
6961
6961
6960
6960
6959
6959
6959
6959
6958
6958
6956
6956
6956
6955
6954
6954
6954
6954
6953
6951
6950
6949
6947
6942
6939
6939
6939
6938
6937
6936
6936
6936
6934
6933
6932
6932
6931
6931
6930
6929
6928
6927
6927
6925
6924
6924
6922
6921
6919
6919
6918
6918
6917
6917
6917
6915
6915
6914
6914
6912
6912
6912
6911
6911
6911
6910
6910
6910
6908
6908
6907
6907
6906
6904
6903
6903
6902
6902
6901
6899
6897
6895
6894
6892
6891
6888
6888
6886
6885
6885
6884
6882
6881
6881
6879
6878
6877
6877
6876
6873
6872
6871
6871
6869
6868
6867
6867
6867
6866
6865
6864
6861
6860
6859
6859
6859
6859
6858
6856
6856
6855
6853
6853
6852
6852
6844
6841
6841
6841
6840
6840
6840
6840
6838
6838
6836
6833
6833
6832
6832
6832
6832
6829
6829
6828
6828
6828
6828
6826
6824
6823
6820
6820
6820
6818
6814
6814
6813
6812
6811
6811
6811
6810
6810
6809
6809
6808
6808
6808
6807
6806
6805
6805
6804
6804
6802
6800
6800
6799
6799
6799
6798
6798
6795
6794
6794
6790
6790
6788
6786
6785
6785
6783
6783
6782
6781
6780
6779
6778
6778
6777
6776
6775
6771
6770
6770
6769
6768
6768
6767
6760
6759
6758
6756
6756
6756
6756
6755
6755
6752
6751
6750
6750
6750
6749
6747
6744
6742
6742
6741
6740
6740
6739
6737
6737
6737
6736
6736
6736
6736
6736
6735
6735
6733
6730
6729
6728
6728
6728
6728
6727
6726
6725
6725
6725
6724
6724
6723
6723
6721
6721
6721
6720
6720
6719
6718
6716
6716
6715
6715
6714
6713
6711
6711
6710
6710
6710
6709
6709
6708
6707
6706
6704
6704
6704
6701
6701
6700
6699
6697
6697
6696
6696
6694
6694
6692
6691
6690
6689
6689
6686
6685
6685
6685
6683
6682
6681
6681
6672
6671
6671
6670
6670
6668
6668
6667
6667
6666
6665
6665
6663
6662
6662
6661
6661
6660
6659
6659
6659
6658
6658
6656
6655
6653
6653
6653
6652
6651
6651
6651
6651
6650
6650
6649
6649
6649
6648
6648
6647
6647
6646
6641
6641
6639
6638
6637
6637
6637
6637
6636
6635
6634
6634
6633
6633
6633
6633
6632
6632
6631
6630
6630
6630
6629
6627
6626
6626
6625
6622
6622
6622
6621
6620
6620
6619
6619
6618
6618
6614
6613
6612
6611
6610
6609
6609
6607
6606
6606
6606
6605
6604
6603
6602
6602
6600
6598
6598
6595
6594
6593
6591
6590
6589
6589
6587
6586
6586
6584
6584
6582
6582
6581
6581
6579
6579
6578
6577
6577
6576
6572
6572
6572
6572
6570
6570
6570
6569
6566
6565
6565
6564
6563
6563
6563
6563
6561
6561
6561
6561
6560
6559
6557
6557
6555
6555
6554
6554
6551
6551
6550
6550
6550
6549
6548
6547
6546
6544
6544
6543
6543
6542
6541
6539
6538
6538
6536
6536
6536
6536
6535
6529
6529
6529
6528
6527
6526
6526
6522
6521
6520
6518
6517
6516
6516
6515
6515
6514
6513
6511
6511
6509
6509
6508
6508
6507
6505
6505
6504
6504
6503
6502
6501
6501
6500
6500
6499
6499
6499
6497
6496
6495
6494
6490
6486
6486
6485
6485
6484
6483
6482
6482
6482
6481
6480
6479
6478
6477
6476
6473
6473
6473
6472
6472
6471
6471
6470
6470
6470
6469
6469
6468
6467
6467
6467
6466
6466
6464
6461
6460
6460
6458
6458
6458
6455
6454
6452
6451
6451
6450
6449
6449
6446
6445
6444
6444
6443
6443
6443
6442
6441
6441
6440
6440
6436
6436
6436
6433
6433
6433
6432
6431
6430
6429
6427
6426
6426
6425
6424
6423
6422
6422
6421
6420
6419
6415
6415
6415
6414
6413
6413
6411
6410
6408
6408
6407
6406
6404
6404
6402
6401
6400
6397
6396
6396
6395
6394
6394
6392
6391
6390
6390
6389
6389
6384
6384
6383
6383
6380
6380
6379
6379
6378
6377
6376
6376
6376
6374
6372
6372
6372
6368
6367
6366
6363
6362
6361
6361
6360
6358
6358
6357
6357
6356
6356
6356
6355
6354
6354
6354
6353
6353
6352
6349
6347
6346
6346
6346
6344
6344
6343
6343
6342
6341
6341
6340
6340
6340
6338
6337
6337
6337
6336
6336
6335
6334
6334
6334
6332
6331
6330
6325
6325
6324
6324
6321
6319
6318
6318
6317
6317
6316
6315
6315
6314
6312
6311
6309
6309
6308
6307
6305
6302
6301
6301
6300
6300
6300
6297
6296
6294
6293
6290
6290
6290
6287
6286
6283
6282
6282
6281
6280
6280
6278
6277
6275
6274
6274
6273
6273
6272
6272
6269
6269
6268
6266
6266
6265
6265
6264
6263
6260
6260
6259
6258
6258
6257
6256
6255
6254
6254
6253
6252
6251
6251
6251
6250
6250
6248
6247
6244
6242
6238
6237
6237
6237
6235
6233
6231
6227
6223
6223
6223
6222
6221
6219
6218
6218
6217
6216
6214
6214
6213
6212
6212
6212
6212
6211
6209
6208
6208
6207
6206
6204
6203
6200
6200
6199
6198
6198
6197
6197
6195
6194
6194
6190
6187
6187
6185
6185
6184
6183
6182
6182
6182
6182
6181
6180
6180
6180
6179
6178
6178
6178
6177
6176
6176
6176
6175
6175
6172
6170
6168
6168
6166
6165
6161
6161
6161
6161
6159
6158
6156
6156
6154
6154
6153
6151
6149
6147
6147
6143
6142
6142
6142
6141
6138
6138
6138
6137
6135
6134
6133
6132
6131
6131
6129
6128
6126
6126
6124
6123
6123
6123
6122
6122
6119
6117
6116
6115
6114
6114
6110
6110
6109
6109
6109
6108
6105
6104
6104
6103
6102
6102
6101
6100
6099
6098
6097
6092
6091
6090
6090
6089
6087
6086
6084
6081
6078
6076
6074
6072
6071
6071
6070
6070
6070
6068
6068
6067
6067
6066
6066
6065
6064
6064
6063
6063
6063
6062
6061
6060
6059
6059
6053
6053
6050
6047
6045
6045
6045
6043
6041
6040
6037
6037
6037
6036
6036
6036
6034
6034
6034
6034
6034
6032
6030
6029
6027
6025
6025
6023
6023
6021
6021
6019
6016
6016
6014
6014
6013
6013
6011
6010
6010
6009
6008
6008
6007
6006
6005
6004
6003
6003
5999
5999
5999
5999
5996
5996
5995
5992
5991
5991
5990
5986
5986
5983
5982
5982
5982
5979
5979
5977
5976
5976
5975
5975
5975
5975
5974
5974
5973
5973
5972
5972
5972
5971
5970
5970
5970
5969
5969
5967
5966
5966
5965
5965
5965
5964
5964
5961
5959
5958
5958
5957
5956
5956
5954
5954
5954
5953
5953
5953
5952
5951
5950
5949
5949
5947
5945
5945
5945
5944
5944
5942
5942
5942
5942
5942
5941
5940
5939
5937
5936
5935
5932
5930
5930
5930
5928
5928
5928
5926
5925
5923
5923
5920
5918
5914
5914
5914
5913
5912
5911
5910
5910
5909
5909
5908
5907
5905
5903
5903
5902
5902
5901
5901
5899
5898
5897
5897
5896
5896
5895
5895
5895
5891
5890
5890
5889
5884
5882
5882
5882
5878
5878
5878
5876
5874
5874
5873
5873
5871
5869
5868
5867
5867
5866
5865
5864
5862
5860
5859
5858
5857
5857
5857
5855
5854
5851
5849
5849
5849
5847
5846
5846
5843
5843
5842
5840
5840
5836
5835
5834
5834
5833
5831
5830
5829
5829
5828
5826
5826
5826
5825
5825
5825
5825
5824
5824
5822
5822
5821
5821
5820
5819
5816
5816
5816
5816
5815
5815
5813
5813
5811
5811
5810
5809
5808
5807
5807
5807
5805
5803
5803
5803
5801
5801
5798
5798
5797
5796
5795
5795
5793
5792
5791
5790
5790
5789
5789
5789
5786
5786
5786
5786
5785
5783
5783
5783
5783
5781
5779
5778
5778
5770
5769
5767
5765
5765
5764
5764
5761
5758
5757
5756
5756
5755
5754
5753
5750
5750
5750
5749
5749
5748
5747
5745
5745
5743
5743
5743
5740
5740
5739
5738
5735
5735
5733
5731
5730
5728
5727
5726
5723
5723
5722
5721
5720
5719
5714
5714
5713
5712
5712
5711
5711
5711
5710
5710
5710
5710
5709
5708
5705
5704
5702
5701
5701
5699
5699
5699
5698
5697
5697
5697
5697
5697
5696
5696
5694
5694
5692
5692
5686
5686
5683
5683
5683
5682
5682
5681
5680
5679
5676
5675
5675
5672
5670
5669
5669
5668
5666
5664
5663
5663
5662
5662
5661
5658
5657
5657
5654
5653
5652
5652
5650
5647
5646
5646
5644
5644
5643
5643
5643
5642
5642
5642
5641
5641
5640
5638
5637
5636
5636
5636
5635
5634
5634
5634
5633
5629
5629
5629
5628
5627
5627
5626
5625
5625
5625
5624
5624
5622
5621
5621
5620
5617
5616
5615
5612
5609
5609
5609
5608
5608
5608
5607
5607
5606
5605
5604
5603
5603
5603
5602
5602
5599
5597
5595
5594
5593
5593
5592
5592
5591
5591
5590
5588
5588
5587
5587
5586
5586
5583
5581
5581
5580
5580
5580
5578
5578
5578
5577
5575
5575
5575
5575
5575
5575
5574
5574
5573
5572
5570
5569
5568
5568
5565
5565
5565
5561
5560
5559
5559
5558
5558
5557
5549
5547
5546
5545
5545
5542
5542
5541
5537
5534
5533
5531
5530
5529
5527
5527
5527
5524
5523
5522
5521
5520
5520
5516
5516
5514
5514
5513
5512
5512
5511
5509
5509
5507
5507
5507
5507
5506
5505
5505
5503
5502
5502
5501
5501
5501
5499
5498
5497
5495
5494
5491
5490
5489
5488
5487
5486
5485
5483
5483
5483
5482
5481
5481
5481
5480
5478
5477
5475
5475
5475
5474
5473
5473
5472
5472
5470
5469
5467
5465
5465
5465
5464
5463
5461
5459
5458
5457
5456
5456
5456
5456
5455
5455
5455
5455
5452
5451
5451
5450
5450
5449
5449
5448
5445
5444
5443
5441
5439
5439
5437
5436
5434
5433
5433
5432
5432
5430
5427
5427
5427
5422
5416
5415
5414
5413
5413
5410
5409
5408
5407
5407
5406
5405
5405
5403
5402
5402
5402
5401
5398
5397
5397
5394
5391
5390
5390
5390
5388
5381
5380
5376
5375
5373
5373
5372
5372
5372
5371
5371
5369
5369
5367
5362
5361
5361
5359
5359
5358
5358
5358
5357
5356
5354
5353
5353
5352
5352
5352
5347
5346
5345
5345
5344
5338
5337
5336
5336
5336
5334
5331
5331
5330
5329
5328
5328
5328
5328
5328
5327
5327
5326
5325
5322
5320
5320
5319
5319
5317
5315
5315
5314
5313
5312
5309
5309
5307
5306
5306
5305
5304
5302
5302
5302
5301
5300
5298
5295
5294
5294
5294
5293
5289
5289
5288
5288
5288
5287
5287
5287
5285
5284
5283
5282
5281
5281
5279
5274
5272
5272
5271
5270
5270
5269
5268
5268
5266
5265
5265
5263
5262
5256
5256
5255
5254
5252
5250
5249
5248
5248
5247
5247
5245
5244
5244
5243
5242
5242
5239
5237
5236
5234
5232
5232
5231
5230
5230
5229
5229
5228
5226
5221
5221
5218
5217
5215
5215
5214
5213
5212
5210
5210
5209
5209
5208
5205
5204
5204
5204
5202
5202
5201
5201
5201
5200
5199
5199
5199
5197
5197
5197
5195
5189
5189
5188
5188
5188
5187
5187
5187
5186
5185
5184
5184
5182
5180
5180
5174
5173
5173
5173
5172
5171
5170
5170
5169
5168
5168
5166
5166
5165
5161
5160
5160
5159
5157
5156
5153
5153
5152
5152
5151
5148
5148
5148
5148
5147
5146
5146
5141
5139
5138
5138
5136
5135
5135
5135
5133
5132
5132
5132
5129
5129
5127
5126
5125
5125
5124
5122
5122
5121
5120
5117
5116
5114
5114
5113
5112
5112
5109
5108
5108
5107
5106
5104
5103
5103
5102
5099
5099
5098
5098
5098
5096
5095
5095
5094
5094
5094
5091
5090
5090
5089
5089
5088
5088
5087
5083
5082
5082
5082
5080
5080
5079
5076
5074
5073
5071
5070
5069
5069
5068
5068
5064
5064
5063
5063
5063
5063
5062
5062
5062
5061
5060
5059
5059
5059
5059
5059
5057
5057
5055
5054
5052
5046
5046
5045
5044
5044
5041
5040
5040
5040
5040
5039
5039
5038
5037
5035
5032
5029
5029
5027
5026
5025
5025
5024
5023
5022
5022
5022
5021
5020
5020
5020
5019
5018
5018
5017
5014
5012
5011
5011
5010
5008
5006
5005
5005
5005
5004
5003
5001
5001
5001
5000
4998
4998
4997
4993
4992
4991
4990
4990
4990
4989
4989
4985
4983
4981
4979
4979
4979
4978
4977
4977
4976
4973
4971
4971
4969
4968
4968
4966
4965
4964
4962
4960
4959
4956
4954
4948
4948
4947
4946
4945
4945
4945
4944
4943
4943
4942
4942
4938
4936
4936
4935
4935
4934
4933
4931
4930
4929
4927
4927
4925
4924
4923
4922
4921
4920
4920
4920
4919
4919
4917
4917
4916
4916
4915
4913
4912
4907
4905
4904
4901
4900
4900
4899
4899
4898
4898
4895
4894
4893
4892
4892
4891
4891
4890
4889
4888
4884
4884
4883
4882
4882
4880
4879
4878
4878
4878
4877
4877
4876
4875
4875
4874
4873
4873
4873
4872
4871
4871
4871
4870
4870
4870
4869
4868
4867
4866
4865
4865
4865
4865
4864
4864
4862
4862
4862
4862
4861
4861
4860
4860
4858
4858
4856
4854
4851
4850
4849
4849
4849
4848
4848
4847
4845
4844
4844
4842
4841
4841
4840
4838
4835
4834
4834
4834
4834
4833
4833
4832
4829
4829
4828
4828
4828
4828
4825
4823
4823
4823
4822
4822
4822
4821
4817
4816
4815
4815
4812
4812
4809
4808
4808
4803
4803
4803
4802
4802
4801
4801
4801
4800
4799
4799
4798
4798
4797
4797
4796
4796
4793
4790
4788
4787
4785
4783
4783
4782
4782
4782
4780
4778
4777
4777
4777
4777
4776
4776
4775
4774
4774
4772
4772
4771
4770
4769
4767
4766
4765
4764
4764
4760
4759
4758
4758
4757
4756
4753
4753
4753
4752
4752
4752
4752
4752
4750
4745
4745
4744
4743
4742
4739
4737
4736
4734
4730
4729
4728
4725
4725
4723
4723
4721
4721
4721
4720
4720
4720
4720
4718
4718
4718
4718
4718
4716
4716
4714
4714
4711
4708
4706
4706
4706
4704
4704
4703
4703
4701
4700
4699
4697
4696
4695
4695
4694
4691
4690
4690
4689
4688
4687
4686
4684
4684
4681
4679
4677
4675
4675
4674
4673
4673
4673
4672
4672
4671
4669
4669
4666
4665
4664
4663
4663
4663
4661
4659
4658
4657
4656
4655
4653
4652
4651
4651
4650
4648
4646
4646
4646
4646
4645
4645
4644
4644
4644
4644
4640
4640
4639
4638
4638
4637
4636
4635
4634
4631
4631
4627
4626
4625
4624
4624
4623
4622
4622
4620
4620
4617
4615
4613
4613
4612
4610
4610
4609
4609
4607
4605
4605
4604
4604
4603
4603
4596
4596
4594
4593
4592
4591
4590
4589
4588
4586
4581
4573
4571
4570
4569
4569
4569
4567
4567
4564
4562
4562
4561
4560
4558
4558
4557
4556
4556
4553
4552
4552
4552
4552
4551
4549
4549
4548
4545
4545
4543
4541
4541
4539
4538
4537
4536
4535
4534
4533
4530
4530
4527
4525
4525
4523
4523
4523
4523
4521
4521
4521
4519
4518
4515
4514
4513
4513
4512
4512
4507
4507
4506
4506
4505
4504
4504
4503
4502
4500
4500
4499
4498
4497
4496
4494
4493
4493
4493
4491
4489
4489
4489
4487
4486
4486
4485
4484
4484
4483
4482
4481
4481
4481
4480
4480
4479
4479
4478
4478
4478
4476
4474
4472
4471
4471
4470
4469
4469
4468
4466
4466
4465
4464
4463
4463
4462
4461
4461
4461
4460
4460
4460
4459
4459
4459
4458
4457
4457
4456
4454
4454
4452
4451
4450
4449
4448
4448
4446
4446
4445
4445
4445
4444
4442
4441
4441
4440
4439
4439
4438
4438
4437
4437
4437
4434
4433
4433
4432
4431
4430
4429
4428
4428
4426
4425
4424
4423
4420
4419
4419
4418
4414
4414
4413
4412
4412
4411
4410
4407
4407
4405
4402
4402
4400
4399
4399
4398
4398
4398
4397
4396
4396
4395
4395
4394
4394
4393
4392
4392
4391
4390
4389
4386
4386
4384
4383
4383
4380
4380
4378
4376
4374
4374
4374
4374
4374
4374
4373
4372
4371
4371
4370
4369
4369
4367
4365
4365
4365
4364
4361
4360
4359
4358
4357
4356
4356
4353
4353
4353
4353
4353
4350
4350
4349
4348
4348
4347
4344
4343
4343
4342
4342
4341
4337
4337
4337
4336
4335
4334
4332
4331
4330
4330
4329
4329
4328
4328
4327
4326
4323
4321
4321
4320
4318
4317
4316
4316
4315
4312
4311
4311
4310
4309
4309
4306
4304
4301
4299
4298
4298
4297
4296
4296
4295
4295
4294
4294
4293
4293
4292
4291
4286
4286
4284
4283
4282
4281
4280
4279
4277
4274
4273
4273
4272
4271
4270
4270
4269
4267
4266
4263
4263
4262
4262
4261
4258
4257
4256
4253
4253
4251
4250
4250
4250
4250
4247
4246
4246
4243
4242
4241
4239
4239
4237
4236
4236
4235
4234
4233
4233
4232
4229
4229
4227
4227
4227
4225
4223
4223
4223
4221
4220
4219
4219
4218
4217
4216
4214
4213
4213
4212
4212
4211
4209
4209
4209
4208
4207
4207
4205
4204
4203
4202
4202
4201
4201
4200
4200
4199
4198
4197
4197
4195
4194
4190
4190
4190
4189
4188
4188
4187
4187
4187
4187
4187
4187
4186
4186
4186
4186
4185
4184
4184
4182
4181
4180
4180
4178
4177
4176
4176
4175
4175
4175
4173
4173
4172
4170
4170
4170
4169
4169
4169
4168
4168
4168
4165
4164
4163
4160
4156
4155
4154
4153
4153
4150
4150
4149
4149
4149
4149
4148
4148
4148
4146
4144
4140
4140
4140
4139
4138
4138
4138
4138
4138
4138
4136
4136
4134
4131
4131
4130
4128
4127
4127
4126
4122
4120
4119
4118
4117
4116
4116
4114
4112
4110
4108
4105
4105
4105
4104
4102
4101
4100
4100
4100
4099
4099
4098
4098
4097
4097
4097
4094
4093
4092
4089
4089
4089
4088
4088
4086
4086
4083
4082
4079
4079
4079
4079
4078
4077
4074
4074
4074
4073
4072
4070
4068
4067
4066
4066
4066
4063
4063
4062
4062
4061
4060
4060
4060
4058
4058
4057
4057
4056
4056
4055
4055
4051
4051
4051
4048
4048
4048
4047
4047
4043
4043
4042
4041
4040
4039
4039
4038
4037
4036
4036
4035
4034
4034
4033
4033
4031
4030
4030
4028
4027
4026
4026
4025
4024
4024
4023
4023
4022
4022
4021
4021
4019
4019
4018
4018
4017
4014
4013
4011
4011
4011
4011
4010
4010
4008
4007
4007
4006
4005
4005
4005
4004
4003
4003
4003
4002
4001
3999
3995
3993
3991
3991
3991
3991
3990
3990
3989
3989
3989
3988
3988
3987
3986
3984
3983
3983
3982
3982
3980
3979
3978
3977
3977
3974
3974
3974
3973
3972
3972
3971
3971
3971
3969
3969
3968
3968
3967
3967
3967
3965
3964
3962
3961
3959
3957
3955
3954
3954
3954
3953
3953
3952
3952
3951
3951
3950
3950
3950
3950
3948
3947
3945
3944
3943
3942
3942
3941
3936
3936
3936
3932
3931
3925
3923
3922
3922
3920
3919
3915
3915
3914
3910
3909
3908
3907
3904
3904
3902
3901
3899
3898
3896
3894
3893
3890
3889
3887
3885
3884
3883
3882
3881
3881
3880
3879
3879
3876
3876
3876
3875
3874
3872
3872
3871
3870
3867
3864
3863
3861
3860
3860
3857
3857
3857
3856
3856
3855
3855
3855
3854
3852
3852
3851
3850
3848
3846
3846
3845
3843
3842
3841
3840
3839
3831
3831
3830
3829
3829
3828
3828
3828
3826
3825
3825
3824
3824
3824
3823
3823
3822
3821
3820
3819
3819
3818
3818
3818
3817
3817
3815
3815
3813
3813
3812
3811
3809
3809
3807
3806
3805
3804
3804
3803
3802
3800
3798
3798
3797
3795
3794
3793
3793
3792
3791
3789
3789
3788
3787
3787
3785
3784
3782
3782
3780
3779
3778
3774
3774
3774
3773
3769
3768
3768
3767
3767
3764
3763
3763
3763
3761
3760
3759
3758
3756
3754
3753
3750
3750
3749
3747
3745
3745
3744
3744
3744
3743
3743
3743
3743
3743
3743
3742
3738
3738
3736
3735
3734
3732
3731
3731
3731
3731
3730
3730
3729
3728
3727
3727
3726
3726
3725
3724
3723
3723
3721
3721
3718
3717
3716
3715
3713
3713
3712
3712
3712
3711
3710
3709
3709
3709
3708
3708
3707
3707
3706
3706
3705
3705
3703
3703
3702
3701
3700
3697
3695
3694
3692
3689
3689
3689
3687
3687
3687
3686
3686
3685
3683
3680
3680
3680
3677
3677
3675
3675
3674
3674
3673
3672
3672
3670
3667
3666
3666
3666
3659
3658
3657
3656
3656
3656
3655
3653
3651
3651
3650
3647
3647
3645
3645
3644
3642
3641
3641
3641
3640
3639
3639
3639
3637
3635
3633
3633
3633
3632
3631
3628
3626
3626
3622
3622
3622
3620
3619
3619
3619
3618
3617
3616
3613
3612
3612
3611
3604
3604
3603
3601
3600
3599
3598
3597
3595
3595
3593
3592
3590
3588
3587
3587
3586
3584
3584
3583
3582
3582
3582
3581
3581
3581
3581
3581
3578
3578
3578
3577
3577
3575
3574
3574
3572
3572
3571
3569
3568
3567
3567
3566
3565
3563
3562
3561
3561
3560
3560
3560
3559
3559
3558
3557
3556
3554
3554
3553
3553
3549
3548
3546
3546
3545
3543
3543
3543
3541
3541
3539
3538
3537
3536
3535
3529
3526
3526
3524
3524
3524
3522
3521
3521
3518
3518
3517
3517
3516
3516
3516
3515
3514
3512
3510
3510
3509
3509
3508
3505
3504
3504
3502
3502
3501
3501
3500
3499
3499
3499
3498
3497
3494
3493
3493
3492
3490
3489
3487
3486
3486
3485
3482
3482
3482
3479
3479
3475
3474
3474
3473
3473
3473
3472
3472
3471
3467
3467
3467
3466
3466
3460
3458
3457
3456
3455
3455
3452
3451
3451
3448
3448
3444
3444
3439
3438
3437
3437
3437
3437
3436
3435
3435
3434
3434
3432
3432
3432
3431
3431
3430
3429
3427
3427
3424
3422
3420
3420
3420
3418
3417
3417
3417
3416
3416
3414
3414
3413
3409
3409
3409
3408
3406
3406
3404
3404
3403
3402
3400
3397
3396
3396
3396
3396
3395
3393
3392
3392
3390
3390
3389
3387
3386
3385
3385
3385
3384
3382
3382
3382
3380
3378
3377
3376
3375
3374
3372
3370
3370
3368
3366
3366
3365
3364
3364
3363
3362
3361
3361
3360
3359
3358
3356
3355
3355
3353
3353
3353
3353
3351
3350
3350
3350
3349
3346
3346
3346
3345
3345
3345
3345
3344
3344
3343
3339
3339
3337
3336
3335
3334
3334
3332
3331
3331
3330
3330
3330
3327
3327
3326
3326
3324
3324
3324
3324
3324
3323
3322
3321
3321
3320
3319
3319
3319
3318
3314
3312
3311
3311
3308
3307
3306
3305
3304
3304
3304
3302
3302
3301
3299
3296
3295
3292
3291
3289
3288
3288
3286
3284
3282
3281
3280
3279
3278
3277
3276
3275
3274
3273
3271
3271
3269
3268
3268
3268
3268
3267
3267
3266
3266
3265
3263
3263
3261
3258
3256
3255
3255
3254
3254
3253
3253
3252
3250
3249
3248
3248
3248
3247
3245
3244
3242
3242
3242
3241
3239
3238
3238
3237
3236
3234
3234
3232
3228
3227
3227
3226
3226
3223
3222
3221
3220
3219
3217
3216
3215
3215
3214
3213
3213
3212
3212
3212
3208
3206
3205
3204
3204
3203
3203
3203
3202
3202
3201
3198
3198
3198
3197
3197
3197
3197
3196
3196
3195
3194
3194
3193
3192
3190
3190
3190
3179
3179
3178
3176
3175
3175
3175
3173
3173
3173
3169
3168
3167
3167
3166
3164
3164
3162
3161
3160
3159
3159
3157
3156
3156
3154
3154
3152
3152
3150
3149
3144
3144
3143
3141
3139
3139
3138
3137
3136
3136
3135
3135
3134
3132
3132
3132
3127
3127
3126
3126
3121
3120
3118
3115
3115
3115
3114
3114
3114
3114
3113
3111
3110
3110
3109
3109
3108
3107
3104
3104
3103
3099
3098
3098
3098
3097
3094
3094
3094
3093
3092
3091
3090
3089
3089
3087
3087
3087
3086
3086
3086
3086
3086
3085
3085
3084
3084
3083
3081
3079
3077
3077
3077
3074
3073
3073
3070
3069
3068
3068
3067
3066
3065
3064
3063
3063
3062
3062
3060
3058
3058
3056
3056
3054
3054
3048
3046
3046
3046
3043
3042
3041
3040
3039
3037
3037
3035
3033
3033
3032
3031
3028
3028
3027
3027
3026
3026
3026
3026
3025
3024
3024
3024
3024
3023
3022
3021
3021
3020
3018
3017
3016
3013
3013
3013
3012
3011
3011
3010
3010
3010
3008
3005
3004
3004
3003
3000
3000
2999
2999
2999
2998
2997
2996
2995
2993
2992
2991
2989
2988
2987
2987
2985
2984
2982
2982
2979
2979
2979
2976
2976
2976
2975
2975
2975
2974
2974
2974
2973
2973
2973
2970
2970
2969
2968
2967
2966
2966
2966
2966
2963
2961
2961
2960
2959
2959
2959
2957
2957
2956
2954
2954
2953
2952
2950
2950
2949
2946
2946
2945
2944
2943
2942
2942
2942
2941
2940
2940
2940
2939
2939
2938
2938
2938
2935
2933
2932
2932
2931
2928
2927
2926
2925
2925
2921
2920
2919
2919
2918
2916
2915
2914
2914
2909
2909
2908
2907
2907
2906
2906
2904
2903
2903
2901
2900
2895
2895
2894
2893
2892
2891
2891
2891
2890
2889
2888
2887
2886
2886
2886
2885
2885
2882
2882
2881
2881
2880
2879
2879
2879
2878
2878
2877
2877
2876
2876
2876
2875
2872
2872
2872
2871
2870
2869
2869
2869
2867
2867
2866
2864
2863
2862
2862
2861
2859
2858
2858
2857
2857
2856
2855
2854
2853
2851
2848
2847
2844
2844
2840
2840
2838
2837
2835
2835
2833
2830
2829
2828
2824
2823
2819
2816
2812
2812
2811
2807
2807
2807
2804
2803
2802
2798
2795
2795
2792
2790
2787
2787
2786
2785
2783
2781
2781
2781
2780
2780
2779
2777
2776
2775
2774
2774
2774
2772
2771
2771
2771
2771
2769
2768
2767
2766
2764
2764
2764
2762
2762
2761
2761
2759
2759
2759
2759
2759
2756
2754
2753
2753
2752
2750
2749
2749
2748
2748
2746
2746
2742
2740
2740
2739
2738
2735
2735
2734
2733
2732
2732
2731
2726
2725
2724
2723
2721
2718
2718
2717
2714
2714
2712
2712
2710
2709
2702
2702
2701
2701
2701
2700
2700
2698
2697
2696
2692
2692
2689
2689
2688
2686
2684
2684
2683
2682
2681
2681
2680
2680
2680
2678
2677
2674
2674
2673
2673
2672
2672
2671
2671
2670
2663
2661
2660
2658
2657
2654
2653
2651
2651
2650
2649
2647
2646
2646
2646
2645
2643
2641
2641
2638
2638
2638
2638
2637
2636
2634
2634
2632
2631
2631
2630
2629
2629
2628
2628
2628
2626
2626
2625
2623
2623
2621
2621
2620
2619
2618
2617
2617
2615
2615
2614
2614
2611
2610
2608
2607
2606
2604
2604
2603
2600
2600
2599
2599
2597
2596
2592
2590
2586
2585
2584
2584
2583
2583
2581
2581
2580
2580
2579
2579
2577
2575
2575
2574
2573
2572
2572
2568
2566
2566
2565
2565
2565
2564
2563
2563
2562
2561
2559
2559
2559
2557
2556
2556
2555
2555
2551
2550
2550
2549
2548
2547
2547
2546
2546
2543
2543
2542
2542
2542
2541
2541
2539
2538
2538
2536
2535
2535
2532
2532
2531
2531
2530
2530
2530
2530
2529
2528
2524
2524
2523
2522
2520
2520
2520
2519
2519
2518
2516
2515
2514
2514
2513
2512
2512
2511
2509
2508
2507
2506
2506
2505
2504
2501
2499
2498
2497
2496
2496
2496
2496
2495
2495
2494
2494
2494
2492
2491
2490
2490
2490
2489
2487
2485
2484
2483
2482
2482
2481
2481
2481
2481
2480
2479
2477
2475
2473
2473
2472
2472
2471
2471
2468
2467
2466
2466
2465
2465
2463
2462
2461
2460
2458
2456
2454
2453
2453
2451
2449
2448
2447
2447
2445
2444
2442
2441
2440
2440
2439
2439
2437
2437
2436
2435
2435
2434
2434
2434
2434
2433
2432
2432
2431
2428
2427
2427
2427
2425
2422
2420
2419
2419
2418
2416
2415
2415
2415
2414
2414
2413
2413
2412
2409
2408
2408
2407
2407
2406
2405
2405
2404
2404
2403
2401
2400
2399
2398
2398
2398
2397
2397
2395
2394
2394
2393
2393
2390
2388
2388
2387
2386
2384
2384
2383
2382
2380
2377
2376
2375
2374
2374
2373
2372
2371
2371
2371
2368
2368
2367
2366
2366
2365
2364
2364
2364
2363
2362
2362
2361
2361
2361
2360
2356
2355
2355
2355
2354
2354
2353
2353
2353
2351
2351
2348
2346
2345
2342
2341
2341
2339
2338
2337
2337
2337
2334
2333
2333
2333
2332
2331
2330
2329
2329
2328
2328
2325
2324
2324
2323
2323
2323
2322
2322
2322
2322
2321
2320
2319
2317
2316
2316
2315
2314
2314
2312
2311
2311
2310
2308
2308
2308
2308
2307
2307
2306
2306
2306
2305
2304
2304
2303
2302
2301
2301
2300
2297
2297
2297
2296
2296
2294
2294
2293
2293
2293
2293
2293
2292
2291
2289
2288
2287
2286
2286
2285
2285
2283
2283
2283
2282
2281
2280
2278
2278
2277
2277
2271
2270
2268
2267
2265
2265
2264
2264
2263
2262
2262
2262
2261
2261
2259
2258
2258
2256
2256
2253
2252
2251
2248
2247
2246
2245
2245
2245
2244
2243
2241
2241
2237
2236
2234
2233
2233
2232
2232
2230
2230
2230
2229
2228
2227
2226
2225
2225
2225
2219
2217
2217
2216
2216
2216
2215
2214
2213
2213
2210
2210
2209
2209
2209
2208
2207
2206
2205
2205
2203
2202
2202
2201
2200
2195
2194
2194
2192
2192
2192
2191
2191
2190
2188
2187
2180
2180
2180
2177
2177
2176
2176
2176
2174
2173
2173
2172
2172
2170
2170
2169
2169
2169
2168
2168
2168
2167
2167
2166
2165
2165
2164
2162
2160
2159
2159
2157
2157
2156
2156
2156
2153
2152
2151
2148
2145
2144
2143
2141
2141
2141
2140
2139
2139
2138
2136
2135
2134
2133
2130
2130
2130
2127
2126
2126
2125
2125
2125
2125
2120
2118
2118
2117
2115
2115
2114
2113
2111
2111
2111
2109
2108
2108
2108
2106
2104
2104
2103
2102
2100
2099
2096
2096
2095
2095
2094
2093
2092
2092
2092
2091
2091
2090
2089
2089
2089
2089
2088
2088
2087
2087
2086
2085
2084
2084
2084
2083
2083
2080
2079
2075
2073
2073
2072
2072
2071
2070
2069
2069
2069
2069
2067
2066
2066
2065
2063
2061
2060
2058
2055
2052
2050
2050
2050
2044
2044
2043
2043
2041
2040
2040
2039
2038
2038
2037
2035
2034
2030
2030
2029
2026
2024
2024
2023
2023
2023
2020
2019
2017
2017
2017
2016
2015
2012
2009
2008
2006
2005
2005
2004
2002
2000
2000
1996
1995
1994
1993
1993
1993
1990
1990
1990
1989
1988
1987
1987
1985
1985
1983
1982
1981
1981
1981
1977
1976
1975
1971
1968
1967
1966
1965
1963
1960
1958
1957
1956
1955
1953
1953
1953
1953
1952
1949
1949
1948
1948
1946
1943
1943
1941
1941
1939
1937
1937
1937
1936
1935
1928
1927
1924
1923
1918
1916
1916
1916
1915
1915
1911
1910
1909
1906
1905
1904
1904
1904
1903
1903
1903
1902
1902
1901
1901
1901
1900
1900
1899
1898
1898
1898
1898
1898
1897
1897
1896
1895
1895
1895
1894
1894
1894
1893
1892
1889
1887
1884
1882
1881
1881
1880
1879
1878
1877
1877
1875
1874
1874
1874
1873
1872
1872
1871
1870
1869
1869
1869
1868
1865
1864
1863
1863
1863
1857
1857
1855
1854
1854
1853
1853
1852
1851
1851
1850
1850
1849
1847
1847
1847
1845
1845
1844
1843
1843
1842
1842
1841
1841
1839
1839
1836
1836
1834
1834
1833
1832
1832
1831
1831
1830
1829
1829
1829
1828
1827
1826
1826
1826
1825
1825
1823
1821
1820
1819
1819
1819
1818
1815
1814
1813
1812
1811
1809
1807
1807
1807
1805
1805
1803
1801
1801
1800
1800
1798
1798
1797
1797
1797
1797
1797
1795
1794
1793
1792
1792
1791
1789
1787
1787
1787
1786
1786
1785
1785
1785
1783
1781
1780
1779
1778
1778
1777
1776
1776
1776
1774
1773
1773
1773
1772
1770
1767
1766
1766
1764
1764
1763
1759
1759
1759
1758
1757
1757
1757
1755
1755
1753
1750
1749
1747
1746
1746
1746
1745
1745
1743
1743
1742
1742
1740
1739
1735
1735
1735
1734
1734
1732
1732
1732
1732
1728
1726
1724
1723
1723
1723
1721
1718
1717
1717
1717
1717
1716
1715
1713
1712
1711
1710
1710
1710
1709
1705
1704
1701
1700
1700
1699
1699
1698
1695
1694
1694
1690
1689
1689
1689
1688
1685
1684
1681
1680
1680
1677
1676
1674
1673
1672
1671
1670
1670
1665
1664
1664
1663
1663
1663
1662
1661
1659
1659
1659
1658
1658
1657
1657
1657
1656
1655
1653
1653
1652
1652
1652
1652
1650
1650
1648
1646
1646
1645
1644
1639
1638
1637
1637
1635
1634
1633
1630
1629
1628
1627
1625
1625
1623
1623
1622
1622
1622
1621
1621
1619
1619
1618
1616
1614
1614
1613
1612
1612
1610
1609
1608
1606
1606
1605
1605
1601
1601
1600
1600
1600
1600
1599
1599
1598
1598
1596
1595
1594
1593
1592
1592
1591
1590
1589
1589
1589
1588
1585
1585
1583
1580
1579
1578
1576
1575
1574
1572
1572
1571
1570
1570
1569
1568
1568
1567
1567
1566
1564
1563
1561
1560
1559
1559
1558
1556
1554
1550
1548
1548
1548
1547
1546
1545
1545
1544
1542
1542
1541
1541
1538
1537
1535
1535
1535
1534
1532
1530
1528
1527
1526
1526
1526
1526
1525
1525
1519
1515
1515
1509
1508
1508
1507
1507
1507
1504
1503
1503
1501
1501
1500
1500
1498
1497
1496
1496
1494
1494
1491
1491
1490
1490
1488
1487
1487
1487
1487
1482
1481
1480
1478
1475
1475
1475
1474
1474
1474
1473
1472
1472
1472
1468
1468
1466
1465
1465
1464
1463
1462
1460
1457
1455
1455
1455
1454
1453
1453
1452
1452
1452
1452
1449
1449
1448
1447
1446
1446
1445
1442
1440
1438
1437
1436
1434
1433
1431
1428
1428
1426
1426
1426
1426
1426
1422
1420
1418
1414
1414
1411
1410
1407
1407
1405
1402
1402
1401
1400
1400
1398
1398
1398
1392
1392
1392
1391
1391
1390
1389
1388
1388
1387
1385
1385
1382
1382
1382
1382
1380
1377
1377
1370
1369
1368
1368
1367
1366
1366
1365
1365
1363
1362
1362
1362
1361
1361
1360
1360
1359
1358
1358
1357
1357
1357
1356
1355
1352
1352
1351
1350
1348
1346
1345
1345
1345
1343
1342
1342
1341
1340
1340
1339
1339
1337
1337
1336
1335
1333
1331
1330
1326
1324
1324
1324
1322
1322
1321
1319
1319
1318
1317
1317
1315
1315
1315
1315
1315
1313
1313
1312
1310
1309
1307
1305
1305
1304
1296
1295
1294
1294
1294
1294
1293
1293
1290
1290
1289
1288
1285
1283
1282
1281
1281
1280
1280
1280
1280
1279
1278
1277
1275
1274
1274
1273
1273
1273
1270
1269
1268
1268
1268
1267
1267
1265
1265
1264
1264
1263
1263
1263
1262
1261
1260
1260
1259
1259
1259
1259
1256
1254
1254
1253
1253
1252
1251
1251
1251
1251
1247
1246
1245
1245
1244
1243
1243
1242
1241
1241
1240
1239
1239
1239
1239
1236
1232
1231
1230
1230
1230
1229
1226
1224
1223
1223
1223
1222
1221
1221
1220
1219
1219
1218
1217
1213
1212
1212
1211
1211
1209
1209
1205
1203
1198
1198
1197
1196
1196
1195
1195
1194
1193
1191
1191
1190
1189
1188
1186
1186
1185
1185
1184
1184
1184
1183
1182
1182
1181
1179
1177
1175
1174
1173
1173
1172
1171
1170
1170
1170
1170
1169
1169
1169
1168
1168
1167
1167
1166
1166
1166
1164
1163
1162
1161
1160
1159
1156
1155
1154
1154
1153
1152
1152
1151
1150
1149
1147
1147
1146
1146
1144
1144
1143
1143
1142
1140
1140
1140
1138
1136
1133
1133
1132
1131
1130
1129
1129
1127
1126
1125
1125
1125
1124
1122
1121
1117
1116
1115
1113
1112
1111
1109
1108
1107
1106
1105
1104
1104
1102
1100
1099
1097
1097
1096
1095
1094
1093
1092
1091
1091
1090
1090
1090
1090
1088
1087
1086
1086
1083
1083
1081
1079
1079
1078
1076
1076
1075
1072
1071
1069
1066
1065
1064
1063
1063
1062
1060
1059
1059
1057
1057
1056
1055
1054
1054
1054
1054
1053
1052
1052
1047
1047
1047
1046
1045
1045
1044
1042
1041
1041
1040
1040
1039
1037
1036
1036
1035
1035
1035
1034
1034
1034
1031
1031
1029
1029
1022
1021
1020
1020
1019
1019
1018
1018
1017
1017
1014
1014
1013
1009
1005
1004
1003
1001
999
997
996
995
993
993
993
992
992
990
988
986
986
985
985
981
977
976
976
974
974
972
971
970
970
970
969
968
968
967
965
964
963
963
963
963
962
962
960
960
959
956
954
953
953
953
952
951
950
950
949
947
946
946
945
945
944
944
942
942
939
938
937
936
934
934
933
933
933
932
930
929
927
927
926
925
925
924
924
922
920
920
916
916
915
915
914
914
913
912
912
911
910
910
909
908
907
907
906
905
905
904
903
900
899
897
897
897
895
895
893
892
892
891
891
891
891
890
890
889
888
888
887
887
886
885
881
879
879
878
878
874
873
872
872
872
869
869
868
868
868
867
866
865
864
863
861
860
860
856
856
855
855
854
853
853
851
850
848
848
847
846
844
843
842
839
838
837
836
836
835
835
834
831
830
830
829
825
824
823
823
822
822
821
819
818
813
811
808
808
807
807
806
806
806
800
797
797
796
796
793
792
792
792
792
791
789
789
789
788
788
787
787
787
786
784
784
783
782
782
781
780
780
779
778
778
776
776
776
772
772
771
769
768
767
765
764
762
761
758
756
756
756
756
755
749
747
747
747
746
743
743
743
742
740
739
738
736
735
735
734
732
730
729
727
727
726
726
726
725
724
723
722
720
720
719
719
718
717
716
716
715
714
713
711
711
710
709
706
705
703
701
700
699
698
698
696
695
694
694
694
693
693
692
691
691
691
689
689
688
688
687
687
686
685
685
682
679
679
678
677
675
674
674
673
672
672
670
669
668
667
665
662
662
662
662
661
660
655
654
654
653
652
652
652
651
650
649
648
648
646
643
643
637
636
636
635
635
634
632
631
630
630
628
628
628
627
625
623
621
621
620
618
617
615
615
615
614
611
610
610
609
608
606
606
605
605
605
604
602
600
600
599
597
595
594
593
593
592
591
590
590
589
587
587
586
586
585
581
580
579
578
578
577
576
576
573
573
572
571
571
570
570
569
566
565
563
561
561
560
559
557
554
553
553
552
552
552
551
551
550
550
549
548
545
541
540
539
539
537
537
536
534
532
531
530
529
528
528
528
525
524
524
523
523
522
522
520
519
519
517
516
516
515
514
513
513
512
511
508
508
507
506
505
504
502
502
501
501
500
499
499
496
494
491
490
490
489
489
488
486
483
483
482
481
480
478
476
474
473
472
468
467
465
462
462
462
461
459
459
457
456
455
455
455
454
453
453
452
450
449
449
447
446
446
445
443
442
442
442
441
439
439
438
437
436
435
435
433
432
429
428
426
426
425
422
422
421
421
420
420
420
419
419
419
418
417
415
414
413
411
411
409
408
408
407
407
406
406
405
404
404
402
401
401
400
397
397
397
395
394
394
393
392
390
389
388
387
383
382
382
380
379
376
375
374
372
372
369
368
368
367
365
365
364
363
362
361
360
357
357
356
356
355
354
354
354
354
351
351
351
350
349
347
347
346
346
346
345
345
341
340
339
338
337
336
333
331
330
328
328
324
323
323
322
319
317
316
315
315
311
309
307
306
306
306
305
305
304
304
304
303
303
303
303
301
301
300
299
298
297
297
296
295
295
294
288
287
287
283
282
282
279
278
276
276
276
275
274
270
269
269
267
264
264
263
261
261
261
261
261
259
257
256
255
253
253
253
252
251
251
248
248
248
247
244
244
243
243
242
239
237
236
234
234
234
233
232
231
231
230
230
229
229
229
226
226
226
226
226
225
224
223
222
221
221
220
220
218
218
217
216
215
215
214
213
212
211
211
211
208
205
204
204
204
203
203
202
201
200
200
199
199
198
197
197
196
195
194
193
193
189
188
188
186
186
182
181
180
180
178
177
177
177
177
174
174
169
168
168
166
165
165
164
163
162
162
160
158
157
157
156
156
154
153
152
152
152
151
151
151
149
149
149
149
149
146
145
144
143
143
140
139
138
137
137
136
134
134
134
134
133
130
129
129
127
126
126
126
126
126
123
122
122
121
120
120
119
118
115
113
113
112
111
110
109
107
107
106
104
103
102
100
99
98
96
96
96
93
91
91
91
90
89
89
88
88
87
87
85
85
84
84
81
78
77
77
76
75
74
73
73
73
73
72
69
69
69
68
68
67
64
63
62
60
59
58
57
55
54
53
53
51
50
50
48
48
48
47
46
45
43
42
42
42
42
41
41
41
40
38
37
36
35
35
35
35
35
34
34
34
32
30
30
29
29
28
28
26
25
23
22
22
22
21
20
20
19
18
17
15
14
13
12
11
11
11
9
8
8
6
5
4
3
2
2
1
