1000
999
999
998
998
996
996
992
991
991
990
990
989
988
988
985
985
984
984
983
983
981
978
978
977
977
974
974
972
971
970
969
968
968
967
966
966
966
965
962
961
958
958
957
956
954
951
948
948
948
944
944
943
940
939
938
937
937
930
929
929
928
928
927
927
923
921
920
919
919
918
918
918
916
914
913
912
910
910
909
908
908
906
905
905
903
903
900
898
898
898
897
894
894
892
890
889
889
889
889
889
888
887
887
887
887
885
885
885
884
883
882
880
880
875
872
870
870
870
869
869
868
865
865
864
862
862
859
857
857
855
853
851
851
850
850
849
849
849
847
847
846
845
845
845
844
842
841
840
838
838
837
837
837
834
833
832
832
832
831
830
827
827
826
826
824
822
822
820
820
820
820
819
819
817
817
816
815
814
812
810
809
809
808
808
807
806
804
803
802
801
799
799
798
798
797
797
796
796
794
792
790
788
787
785
783
782
781
781
780
779
779
777
777
777
775
775
774
771
771
769
768
766
765
764
764
764
763
763
763
762
762
761
760
760
759
758
758
756
756
756
755
754
754
752
749
748
747
747
745
744
743
742
739
736
735
734
733
732
732
732
731
731
730
729
726
723
722
721
721
721
719
719
718
718
717
714
714
713
713
713
712
705
704
704
704
700
700
700
700
700
699
698
697
696
695
692
691
689
689
687
686
686
686
686
683
681
681
680
679
678
678
675
675
674
671
671
669
668
668
667
667
667
666
666
666
665
665
665
664
664
663
661
658
658
656
653
653
652
651
651
650
649
648
648
648
647
645
645
643
642
642
641
640
639
638
638
638
636
635
634
633
632
631
631
630
630
629
627
626
626
626
625
622
621
619
619
619
617
616
615
615
615
612
611
611
610
610
609
608
608
606
606
601
601
599
597
597
597
596
595
595
595
595
593
593
591
591
591
591
590
589
589
588
586
585
585
585
584
583
583
583
581
581
578
575
574
574
573
573
573
572
566
564
564
562
561
561
561
557
554
554
552
548
547
547
547
545
544
543
542
541
539
538
538
537
537
535
534
533
532
531
530
530
529
528
527
527
524
524
523
523
522
520
520
518
518
517
515
515
512
512
508
508
507
507
506
506
505
505
503
502
502
502
500
500
497
496
495
494
494
494
493
489
489
488
488
488
487
487
486
485
483
483
482
480
477
475
471
471
471
471
470
469
468
466
466
465
463
463
460
460
459
459
458
457
457
456
455
455
455
454
453
452
451
451
447
446
445
444
442
442
441
441
441
440
440
439
438
437
435
435
434
434
434
433
432
431
429
427
425
424
422
421
421
420
420
419
418
417
416
416
415
413
412
409
409
408
408
408
408
404
404
403
401
399
398
398
397
397
396
392
391
391
389
387
386
385
384
384
383
383
381
378
377
377
377
371
369
369
368
367
365
363
362
362
360
359
359
357
357
357
354
353
353
351
351
350
350
349
349
349
348
347
345
345
344
342
342
342
341
340
339
338
338
337
335
335
334
333
333
327
326
326
326
325
325
324
315
315
314
314
314
312
310
309
308
308
307
306
306
305
305
303
302
300
299
299
299
298
298
297
295
295
294
292
291
291
291
290
290
290
289
289
288
286
285
283
281
279
275
275
274
274
273
272
271
270
270
269
267
266
265
264
264
261
261
258
253
253
250
250
249
249
249
246
246
245
244
244
243
241
240
240
238
237
236
236
236
235
234
234
233
233
233
232
231
230
229
227
226
226
226
226
225
225
223
223
222
222
222
221
220
219
218
216
213
209
209
208
208
207
207
206
205
205
203
202
202
199
199
199
198
198
197
197
197
195
195
194
191
187
186
186
186
186
184
184
183
183
183
182
181
181
180
179
179
179
178
177
176
176
175
174
174
172
170
170
169
168
168
165
164
164
162
162
161
159
159
158
157
157
155
154
154
153
152
151
149
148
147
147
143
139
138
138
137
137
135
135
132
131
131
130
129
128
128
126
126
126
125
123
122
121
120
120
117
117
116
115
115
113
111
111
110
110
109
109
109
109
107
104
102
100
99
98
97
97
94
94
91
91
90
89
89
89
88
86
85
84
83
82
81
80
79
79
77
77
77
77
77
76
74
73
70
69
68
67
65
63
62
62
60
60
60
60
59
56
54
53
53
51
51
50
50
49
48
48
46
45
45
42
42
42
42
40
39
38
38
37
36
32
32
32
31
31
29
26
26
25
24
24
21
21
21
21
19
18
18
16
12
12
12
11
11
10
10
10
9
8
7
7
7
5
5
3
2
2
1
1
