5000
4999
4998
4997
4997
4995
4992
4991
4991
4991
4988
4986
4986
4986
4983
4979
4978
4978
4976
4974
4974
4974
4972
4972
4972
4971
4971
4970
4965
4963
4960
4960
4959
4958
4957
4956
4955
4955
4954
4954
4953
4952
4952
4951
4951
4951
4951
4951
4951
4949
4949
4948
4945
4945
4944
4940
4935
4935
4935
4934
4934
4933
4932
4932
4932
4932
4929
4927
4926
4925
4924
4923
4921
4916
4915
4915
4914
4912
4912
4911
4910
4908
4907
4906
4906
4906
4905
4905
4905
4904
4902
4901
4898
4897
4896
4892
4892
4891
4891
4890
4889
4888
4888
4887
4886
4885
4883
4881
4881
4878
4875
4875
4874
4874
4873
4871
4870
4869
4869
4868
4867
4867
4866
4865
4865
4864
4864
4863
4862
4861
4859
4859
4858
4858
4858
4857
4857
4855
4855
4851
4851
4849
4848
4847
4847
4845
4845
4844
4844
4843
4836
4835
4832
4832
4832
4832
4831
4830
4828
4827
4827
4827
4826
4826
4825
4825
4825
4821
4821
4820
4818
4817
4817
4817
4816
4813
4813
4813
4813
4812
4810
4810
4809
4808
4807
4807
4804
4803
4802
4802
4800
4799
4799
4798
4798
4797
4797
4796
4795
4790
4790
4789
4788
4788
4788
4787
4786
4786
4785
4785
4785
4784
4783
4782
4781
4779
4777
4777
4776
4776
4775
4775
4775
4774
4773
4771
4769
4769
4767
4767
4766
4765
4765
4762
4760
4760
4760
4760
4760
4759
4758
4757
4756
4754
4754
4752
4751
4751
4750
4749
4749
4748
4748
4747
4747
4747
4747
4744
4744
4744
4743
4743
4742
4739
4739
4738
4738
4737
4734
4731
4731
4730
4729
4729
4728
4727
4726
4725
4723
4721
4720
4718
4717
4716
4716
4716
4715
4715
4714
4712
4712
4711
4711
4711
4711
4708
4707
4707
4706
4706
4704
4703
4700
4698
4697
4697
4696
4694
4694
4693
4692
4690
4689
4688
4687
4687
4686
4686
4686
4685
4683
4683
4682
4681
4680
4678
4677
4676
4675
4675
4675
4673
4673
4673
4671
4671
4670
4668
4667
4666
4666
4665
4665
4665
4664
4664
4664
4663
4663
4662
4661
4658
4658
4656
4654
4654
4654
4652
4646
4644
4644
4644
4642
4641
4640
4638
4638
4636
4633
4632
4631
4630
4630
4630
4629
4628
4627
4626
4624
4624
4624
4624
4623
4622
4621
4620
4620
4619
4618
4618
4616
4613
4613
4611
4611
4611
4609
4608
4607
4606
4605
4604
4604
4599
4599
4595
4593
4592
4592
4591
4590
4589
4589
4588
4587
4586
4586
4584
4576
4575
4575
4574
4573
4572
4571
4571
4570
4570
4569
4569
4569
4564
4563
4563
4558
4557
4556
4555
4554
4553
4552
4552
4549
4547
4547
4546
4544
4543
4543
4543
4540
4540
4539
4538
4537
4536
4536
4535
4532
4531
4531
4531
4531
4531
4531
4526
4525
4525
4524
4523
4523
4523
4517
4517
4517
4516
4513
4511
4511
4510
4505
4503
4503
4502
4502
4500
4499
4494
4493
4493
4493
4492
4491
4491
4489
4489
4487
4486
4485
4485
4484
4484
4483
4482
4482
4481
4478
4476
4476
4474
4473
4473
4471
4467
4467
4462
4462
4460
4459
4458
4457
4457
4457
4456
4456
4456
4455
4455
4453
4452
4452
4452
4451
4450
4450
4449
4446
4446
4445
4441
4440
4440
4439
4438
4438
4436
4436
4434
4432
4430
4428
4427
4427
4426
4426
4425
4424
4421
4421
4421
4420
4419
4419
4418
4416
4415
4415
4413
4411
4409
4409
4407
4407
4406
4406
4405
4404
4404
4404
4403
4403
4401
4399
4398
4397
4396
4394
4394
4393
4393
4393
4392
4391
4391
4391
4390
4389
4389
4389
4388
4385
4382
4380
4378
4377
4376
4374
4372
4370
4370
4369
4367
4366
4366
4364
4364
4359
4358
4356
4356
4355
4355
4355
4354
4350
4350
4349
4348
4347
4347
4346
4346
4346
4344
4343
4342
4342
4340
4340
4338
4338
4337
4337
4336
4335
4332
4331
4330
4330
4329
4328
4326
4325
4323
4323
4321
4321
4320
4319
4319
4318
4318
4317
4316
4315
4315
4315
4313
4312
4310
4309
4309
4307
4306
4304
4302
4302
4300
4299
4299
4298
4296
4295
4293
4292
4288
4287
4286
4286
4286
4284
4282
4281
4280
4278
4278
4277
4277
4276
4276
4274
4274
4273
4272
4271
4271
4270
4269
4268
4267
4267
4266
4266
4265
4264
4262
4262
4261
4261
4260
4260
4260
4257
4257
4257
4257
4256
4254
4253
4250
4250
4247
4247
4246
4244
4244
4244
4244
4242
4241
4238
4238
4238
4237
4234
4233
4233
4230
4229
4229
4228
4228
4227
4227
4227
4225
4219
4218
4217
4216
4216
4216
4216
4215
4215
4213
4211
4209
4206
4204
4202
4201
4200
4199
4190
4189
4187
4186
4184
4180
4180
4176
4173
4172
4172
4163
4162
4160
4159
4159
4159
4159
4158
4157
4157
4156
4155
4155
4153
4153
4152
4151
4151
4149
4147
4146
4146
4145
4143
4143
4141
4140
4137
4137
4137
4136
4135
4133
4133
4130
4130
4129
4129
4127
4126
4126
4124
4121
4120
4118
4117
4115
4114
4113
4112
4112
4112
4111
4111
4109
4107
4106
4106
4106
4106
4104
4104
4103
4102
4102
4101
4101
4099
4099
4097
4096
4096
4094
4092
4092
4088
4083
4082
4082
4082
4080
4080
4080
4080
4079
4077
4076
4075
4074
4072
4071
4070
4068
4068
4067
4067
4067
4064
4063
4062
4060
4058
4056
4056
4055
4055
4054
4053
4053
4050
4048
4048
4048
4047
4047
4046
4045
4045
4044
4043
4043
4041
4041
4041
4040
4038
4037
4037
4037
4036
4035
4035
4034
4033
4033
4032
4032
4031
4031
4030
4029
4029
4029
4028
4028
4028
4027
4026
4026
4026
4024
4023
4021
4021
4019
4018
4017
4017
4016
4016
4015
4015
4015
4014
4014
4014
4013
4013
4013
4012
4011
4007
4006
4006
4006
4005
4005
4003
4003
4001
4001
4001
4001
4000
3998
3998
3998
3996
3996
3995
3995
3993
3993
3991
3991
3990
3990
3988
3987
3987
3987
3986
3985
3984
3982
3982
3981
3980
3980
3978
3978
3978
3977
3975
3974
3974
3973
3973
3972
3971
3971
3970
3968
3967
3961
3961
3960
3959
3959
3957
3956
3956
3955
3954
3954
3954
3953
3952
3951
3951
3950
3950
3950
3949
3948
3944
3944
3943
3943
3943
3942
3941
3940
3939
3938
3938
3937
3935
3932
3932
3932
3926
3923
3923
3920
3920
3919
3919
3919
3918
3916
3915
3914
3912
3911
3911
3910
3910
3909
3909
3906
3904
3903
3903
3902
3899
3899
3898
3898
3897
3894
3892
3891
3890
3890
3890
3890
3887
3885
3884
3883
3883
3883
3882
3879
3879
3879
3878
3877
3877
3877
3876
3875
3875
3875
3874
3870
3868
3867
3867
3867
3866
3866
3861
3861
3860
3860
3860
3859
3858
3858
3856
3854
3853
3853
3852
3851
3849
3848
3847
3845
3843
3842
3842
3841
3841
3840
3840
3838
3838
3837
3837
3837
3836
3835
3833
3833
3832
3832
3832
3831
3825
3825
3825
3823
3822
3821
3819
3818
3815
3814
3814
3814
3813
3812
3812
3810
3810
3808
3808
3807
3805
3804
3804
3803
3803
3803
3801
3800
3800
3797
3794
3793
3792
3791
3789
3788
3786
3784
3783
3783
3782
3779
3779
3779
3778
3777
3775
3773
3772
3771
3771
3770
3769
3769
3769
3769
3768
3767
3764
3763
3761
3760
3758
3758
3757
3756
3754
3754
3753
3753
3752
3751
3751
3751
3751
3748
3748
3747
3745
3745
3744
3741
3740
3739
3739
3739
3738
3738
3738
3737
3734
3734
3733
3733
3731
3731
3730
3727
3727
3724
3722
3720
3719
3718
3717
3716
3713
3712
3710
3710
3710
3710
3709
3709
3708
3707
3706
3703
3702
3701
3700
3700
3700
3700
3699
3698
3695
3695
3695
3694
3692
3692
3691
3691
3690
3687
3687
3686
3685
3683
3681
3681
3681
3680
3679
3679
3678
3676
3675
3673
3673
3673
3673
3673
3672
3672
3671
3668
3668
3667
3666
3665
3665
3663
3663
3661
3660
3659
3659
3658
3658
3658
3657
3657
3656
3653
3650
3648
3647
3646
3645
3644
3642
3642
3639
3638
3637
3635
3633
3632
3632
3632
3632
3631
3630
3628
3627
3626
3626
3624
3624
3623
3621
3619
3619
3619
3617
3617
3616
3616
3616
3615
3613
3612
3612
3608
3606
3603
3603
3601
3597
3597
3596
3596
3592
3590
3590
3587
3584
3583
3583
3583
3583
3582
3581
3581
3580
3577
3576
3576
3575
3574
3572
3572
3572
3570
3570
3570
3569
3569
3568
3567
3566
3564
3564
3564
3563
3563
3561
3560
3559
3558
3558
3556
3553
3552
3552
3549
3549
3548
3548
3547
3545
3544
3543
3543
3542
3541
3541
3540
3539
3538
3538
3538
3537
3535
3534
3533
3532
3531
3529
3529
3528
3526
3526
3523
3520
3519
3519
3518
3518
3517
3517
3516
3516
3515
3515
3515
3515
3514
3514
3512
3511
3511
3508
3507
3507
3505
3505
3505
3503
3503
3502
3502
3501
3501
3501
3500
3500
3498
3497
3496
3493
3493
3492
3491
3488
3485
3483
3483
3482
3481
3481
3480
3480
3478
3477
3476
3476
3475
3474
3474
3473
3472
3471
3471
3471
3468
3462
3461
3460
3458
3458
3454
3451
3450
3448
3447
3445
3444
3444
3442
3440
3439
3439
3438
3438
3437
3437
3435
3435
3435
3434
3434
3432
3431
3431
3431
3430
3429
3427
3425
3425
3425
3423
3422
3421
3421
3420
3419
3419
3418
3415
3415
3414
3413
3412
3408
3406
3404
3402
3402
3402
3401
3401
3399
3399
3399
3397
3397
3396
3393
3392
3391
3390
3390
3390
3388
3387
3387
3385
3383
3382
3381
3380
3379
3379
3378
3378
3378
3377
3377
3376
3375
3374
3374
3373
3373
3373
3372
3362
3359
3359
3358
3358
3356
3356
3356
3356
3353
3353
3352
3352
3351
3351
3351
3351
3350
3348
3346
3344
3344
3337
3337
3336
3335
3332
3331
3330
3329
3329
3327
3326
3326
3326
3324
3323
3322
3322
3322
3320
3319
3319
3319
3319
3319
3317
3317
3314
3311
3309
3309
3308
3304
3304
3304
3304
3304
3303
3302
3299
3299
3298
3297
3297
3296
3295
3295
3295
3294
3293
3293
3292
3292
3292
3292
3291
3290
3289
3289
3288
3288
3288
3288
3288
3287
3286
3286
3286
3284
3282
3281
3279
3277
3275
3275
3275
3273
3273
3273
3272
3271
3270
3270
3270
3268
3268
3267
3267
3266
3266
3265
3265
3265
3264
3261
3261
3261
3261
3260
3259
3258
3256
3255
3253
3252
3251
3248
3247
3247
3246
3245
3244
3244
3243
3242
3242
3241
3237
3237
3235
3235
3234
3231
3231
3229
3228
3228
3228
3228
3226
3226
3224
3224
3223
3223
3222
3221
3220
3219
3218
3218
3217
3216
3215
3213
3213
3212
3211
3211
3209
3209
3207
3205
3202
3201
3200
3200
3200
3199
3198
3197
3196
3195
3194
3192
3192
3189
3188
3184
3184
3183
3183
3182
3180
3179
3178
3177
3177
3176
3176
3176
3173
3173
3173
3171
3169
3169
3168
3168
3166
3164
3164
3164
3163
3162
3159
3159
3158
3158
3156
3156
3155
3154
3154
3154
3153
3153
3152
3152
3152
3150
3148
3147
3146
3145
3144
3144
3143
3143
3143
3142
3141
3141
3141
3140
3140
3140
3140
3137
3137
3137
3136
3135
3135
3134
3133
3133
3132
3131
3131
3130
3129
3129
3129
3128
3125
3124
3124
3121
3121
3121
3120
3120
3113
3111
3109
3108
3107
3107
3106
3106
3105
3104
3103
3101
3101
3100
3099
3098
3097
3096
3095
3095
3094
3094
3094
3094
3094
3091
3090
3088
3087
3087
3084
3083
3081
3080
3080
3080
3080
3080
3078
3077
3076
3075
3075
3074
3073
3072
3072
3072
3070
3070
3068
3067
3067
3063
3062
3062
3060
3060
3060
3060
3060
3059
3058
3056
3055
3055
3053
3049
3049
3049
3048
3047
3045
3045
3045
3044
3043
3042
3041
3041
3040
3039
3039
3038
3037
3037
3035
3033
3032
3031
3030
3029
3029
3028
3026
3025
3024
3024
3024
3024
3022
3022
3022
3022
3020
3016
3015
3015
3013
3012
3011
3011
3011
3010
3010
3010
3007
3005
3004
3003
3000
2999
2999
2998
2997
2996
2996
2995
2995
2994
2992
2992
2991
2988
2988
2988
2987
2987
2986
2985
2985
2984
2984
2983
2981
2980
2980
2980
2980
2976
2974
2973
2972
2971
2971
2969
2969
2969
2967
2967
2965
2962
2960
2960
2959
2959
2958
2958
2957
2957
2956
2956
2955
2954
2954
2953
2953
2950
2949
2949
2948
2948
2943
2943
2942
2941
2941
2939
2939
2939
2938
2938
2938
2938
2937
2937
2936
2936
2935
2935
2935
2935
2934
2933
2931
2930
2929
2928
2926
2922
2922
2922
2921
2920
2918
2918
2918
2916
2916
2914
2912
2912
2911
2911
2909
2909
2909
2908
2907
2906
2905
2905
2905
2904
2901
2900
2897
2897
2897
2897
2897
2896
2895
2895
2893
2890
2889
2889
2887
2887
2886
2885
2885
2885
2883
2882
2882
2880
2879
2878
2876
2876
2875
2875
2872
2872
2871
2871
2869
2869
2869
2868
2867
2866
2865
2864
2861
2860
2860
2859
2858
2858
2858
2858
2856
2856
2855
2855
2854
2854
2853
2853
2852
2851
2849
2847
2846
2845
2845
2845
2844
2843
2843
2843
2842
2842
2840
2839
2838
2837
2836
2835
2833
2832
2831
2830
2830
2830
2829
2826
2825
2825
2821
2820
2819
2816
2816
2815
2813
2812
2811
2811
2810
2810
2809
2808
2808
2806
2806
2806
2804
2803
2801
2801
2801
2798
2797
2796
2795
2794
2793
2792
2792
2789
2789
2789
2789
2788
2786
2786
2786
2785
2784
2783
2782
2780
2779
2778
2775
2775
2775
2775
2774
2774
2772
2768
2766
2763
2762
2761
2760
2759
2759
2758
2757
2757
2757
2756
2755
2755
2754
2753
2751
2751
2749
2748
2748
2747
2747
2742
2742
2741
2741
2740
2740
2740
2739
2739
2738
2738
2737
2737
2737
2737
2737
2737
2736
2736
2735
2734
2734
2733
2732
2730
2727
2723
2721
2718
2718
2718
2715
2714
2714
2713
2713
2712
2710
2707
2706
2704
2702
2702
2701
2701
2701
2700
2698
2697
2697
2696
2695
2694
2693
2692
2691
2691
2691
2690
2689
2688
2686
2684
2683
2683
2682
2680
2679
2678
2676
2674
2674
2672
2669
2669
2668
2668
2667
2666
2665
2664
2662
2661
2661
2659
2659
2656
2655
2655
2654
2654
2653
2653
2652
2652
2651
2650
2649
2649
2649
2648
2647
2647
2646
2644
2643
2643
2642
2641
2640
2638
2638
2638
2638
2636
2635
2635
2635
2634
2620
2620
2615
2614
2614
2613
2613
2612
2612
2611
2611
2609
2607
2605
2605
2603
2601
2600
2599
2598
2598
2598
2596
2594
2593
2593
2592
2590
2588
2588
2586
2585
2585
2585
2582
2582
2581
2580
2580
2579
2578
2577
2577
2576
2576
2575
2575
2573
2573
2573
2572
2572
2572
2571
2571
2570
2569
2568
2567
2566
2565
2564
2564
2563
2563
2562
2561
2560
2558
2558
2556
2550
2549
2547
2545
2545
2544
2542
2541
2541
2540
2539
2537
2536
2536
2535
2533
2533
2530
2528
2525
2524
2522
2522
2522
2521
2520
2518
2516
2513
2512
2510
2507
2506
2504
2501
2501
2500
2500
2495
2493
2486
2484
2484
2482
2481
2481
2479
2479
2479
2478
2477
2476
2475
2474
2474
2473
2471
2471
2469
2469
2466
2462
2462
2461
2460
2459
2458
2457
2456
2455
2455
2454
2454
2453
2453
2453
2452
2452
2451
2451
2450
2448
2448
2444
2443
2442
2441
2440
2440
2440
2439
2438
2436
2436
2435
2434
2433
2431
2430
2427
2425
2425
2425
2424
2423
2423
2422
2419
2416
2414
2414
2414
2412
2411
2409
2408
2408
2408
2404
2404
2404
2403
2402
2402
2397
2396
2393
2392
2392
2391
2390
2387
2387
2387
2387
2386
2382
2381
2379
2379
2376
2375
2374
2374
2373
2372
2370
2370
2368
2364
2361
2361
2360
2360
2360
2360
2355
2355
2352
2351
2349
2348
2347
2344
2343
2342
2341
2341
2340
2339
2338
2335
2333
2332
2330
2329
2329
2329
2328
2328
2326
2326
2326
2324
2323
2322
2319
2319
2319
2318
2318
2317
2317
2316
2313
2313
2313
2312
2311
2309
2309
2308
2308
2305
2305
2305
2304
2301
2300
2300
2299
2298
2298
2294
2293
2292
2290
2290
2286
2286
2285
2283
2283
2283
2282
2281
2280
2279
2279
2277
2277
2277
2276
2275
2274
2273
2273
2272
2272
2271
2269
2267
2265
2265
2264
2264
2264
2263
2262
2261
2260
2259
2259
2258
2257
2256
2255
2254
2254
2252
2252
2248
2247
2246
2245
2244
2244
2243
2242
2242
2239
2239
2238
2238
2237
2237
2236
2235
2235
2234
2234
2233
2233
2230
2230
2229
2228
2227
2227
2227
2226
2226
2226
2225
2225
2225
2225
2225
2224
2222
2220
2219
2219
2218
2217
2217
2216
2216
2215
2215
2214
2214
2212
2212
2208
2208
2206
2206
2205
2204
2204
2203
2203
2203
2203
2202
2202
2201
2201
2200
2200
2199
2199
2198
2197
2197
2196
2196
2195
2194
2194
2192
2191
2191
2190
2190
2189
2185
2184
2184
2183
2182
2181
2180
2179
2179
2179
2179
2177
2176
2176
2175
2175
2174
2174
2172
2171
2170
2170
2168
2168
2167
2166
2166
2164
2164
2164
2163
2162
2160
2159
2158
2157
2157
2156
2154
2153
2153
2152
2151
2149
2148
2145
2144
2143
2141
2141
2141
2140
2140
2140
2138
2135
2135
2134
2133
2133
2132
2131
2130
2130
2129
2128
2125
2123
2122
2122
2121
2121
2120
2120
2119
2118
2118
2117
2116
2116
2115
2111
2109
2109
2106
2105
2104
2104
2103
2103
2103
2102
2098
2098
2097
2097
2096
2096
2095
2095
2094
2090
2090
2089
2089
2088
2085
2085
2084
2083
2081
2081
2080
2080
2079
2079
2079
2077
2077
2077
2076
2076
2075
2073
2071
2071
2068
2067
2067
2067
2067
2063
2062
2061
2060
2060
2059
2059
2059
2058
2058
2058
2057
2057
2057
2054
2053
2052
2052
2051
2049
2049
2046
2046
2045
2044
2044
2044
2041
2041
2040
2040
2040
2038
2038
2037
2036
2035
2034
2033
2033
2032
2031
2030
2030
2030
2029
2028
2028
2028
2026
2024
2022
2020
2018
2013
2013
2012
2011
2011
2011
2011
2010
2010
2007
2007
2007
2007
2006
2004
2003
2002
2001
1999
1999
1997
1997
1997
1996
1995
1994
1994
1991
1991
1991
1990
1987
1987
1985
1984
1984
1982
1982
1981
1980
1980
1979
1979
1979
1978
1977
1976
1976
1975
1975
1974
1973
1973
1973
1972
1972
1972
1972
1970
1967
1967
1966
1966
1965
1964
1963
1963
1962
1960
1960
1958
1958
1957
1956
1955
1954
1954
1946
1943
1942
1941
1939
1939
1939
1938
1937
1936
1935
1934
1934
1933
1933
1932
1932
1930
1930
1929
1929
1929
1927
1927
1926
1925
1925
1920
1920
1918
1916
1914
1914
1914
1912
1911
1911
1911
1910
1909
1908
1908
1908
1907
1907
1907
1905
1904
1903
1902
1900
1894
1893
1892
1892
1892
1892
1891
1890
1889
1889
1888
1887
1886
1884
1884
1884
1883
1882
1882
1880
1878
1878
1877
1874
1872
1871
1870
1869
1869
1869
1868
1865
1865
1863
1863
1861
1861
1860
1859
1858
1858
1857
1856
1855
1853
1853
1853
1851
1850
1850
1850
1849
1847
1847
1846
1846
1845
1844
1840
1840
1840
1840
1839
1837
1837
1835
1835
1832
1832
1831
1830
1828
1827
1827
1825
1824
1824
1823
1822
1822
1822
1822
1822
1818
1817
1813
1812
1812
1811
1811
1809
1808
1807
1806
1801
1798
1797
1795
1794
1792
1792
1792
1791
1791
1788
1788
1788
1787
1787
1786
1786
1786
1785
1784
1784
1782
1782
1782
1779
1778
1777
1777
1776
1776
1775
1773
1772
1772
1770
1770
1770
1769
1768
1766
1764
1761
1759
1758
1757
1755
1755
1754
1753
1751
1749
1748
1745
1743
1742
1741
1741
1741
1740
1740
1740
1738
1738
1737
1734
1734
1734
1732
1729
1728
1726
1725
1724
1724
1721
1720
1718
1716
1712
1711
1710
1710
1710
1705
1704
1703
1703
1703
1702
1702
1702
1701
1701
1700
1700
1700
1697
1697
1696
1696
1695
1693
1691
1691
1689
1687
1687
1687
1687
1687
1686
1683
1682
1682
1681
1680
1679
1676
1676
1675
1675
1675
1675
1673
1673
1671
1664
1663
1662
1662
1661
1660
1660
1659
1658
1657
1655
1655
1653
1653
1652
1649
1649
1648
1648
1644
1643
1643
1642
1641
1640
1634
1634
1633
1633
1632
1627
1626
1626
1626
1626
1625
1623
1622
1621
1620
1620
1619
1618
1618
1618
1616
1616
1614
1613
1613
1612
1612
1612
1611
1610
1610
1608
1608
1608
1607
1607
1606
1606
1605
1605
1604
1603
1601
1601
1600
1599
1598
1598
1597
1597
1596
1596
1594
1593
1590
1588
1588
1586
1583
1582
1582
1582
1581
1580
1580
1579
1577
1577
1575
1574
1573
1572
1571
1568
1566
1566
1565
1564
1563
1559
1558
1558
1556
1556
1556
1555
1554
1554
1553
1553
1553
1552
1551
1551
1549
1547
1547
1546
1542
1542
1541
1539
1538
1538
1535
1533
1529
1529
1527
1526
1525
1524
1524
1524
1523
1520
1520
1520
1518
1518
1518
1516
1513
1512
1512
1511
1510
1510
1509
1507
1505
1504
1502
1502
1500
1499
1496
1495
1495
1493
1492
1492
1487
1487
1487
1485
1482
1482
1481
1481
1481
1481
1479
1479
1479
1475
1474
1474
1473
1473
1473
1470
1470
1470
1470
1470
1469
1469
1468
1468
1467
1467
1466
1465
1464
1463
1462
1461
1461
1459
1457
1457
1456
1455
1454
1453
1451
1451
1449
1449
1448
1448
1448
1447
1446
1446
1445
1445
1444
1444
1442
1439
1438
1438
1438
1436
1436
1436
1436
1434
1433
1433
1432
1432
1431
1430
1430
1428
1428
1426
1425
1424
1423
1423
1421
1419
1419
1418
1416
1415
1414
1413
1413
1411
1411
1410
1409
1409
1408
1407
1406
1404
1402
1402
1401
1401
1399
1399
1396
1396
1392
1392
1390
1389
1389
1389
1386
1382
1381
1380
1379
1379
1379
1375
1374
1372
1372
1372
1371
1370
1369
1366
1365
1364
1364
1361
1361
1357
1356
1355
1355
1355
1353
1351
1350
1350
1350
1350
1349
1349
1348
1347
1347
1344
1343
1338
1338
1335
1334
1333
1333
1328
1326
1326
1325
1325
1324
1324
1320
1318
1318
1315
1314
1311
1308
1307
1307
1306
1306
1302
1302
1301
1300
1297
1297
1297
1296
1296
1296
1295
1295
1295
1291
1289
1289
1287
1286
1285
1285
1284
1284
1282
1282
1282
1281
1281
1280
1280
1279
1279
1278
1278
1276
1275
1275
1275
1274
1272
1272
1271
1270
1270
1265
1265
1265
1264
1262
1261
1260
1260
1257
1257
1256
1256
1254
1251
1251
1250
1249
1249
1248
1247
1245
1244
1244
1243
1243
1241
1238
1238
1236
1235
1235
1234
1232
1231
1230
1229
1229
1229
1229
1228
1228
1228
1227
1226
1222
1221
1221
1220
1219
1218
1217
1216
1215
1215
1215
1215
1215
1209
1209
1209
1208
1207
1202
1201
1199
1199
1199
1199
1199
1196
1194
1194
1194
1193
1193
1193
1191
1191
1190
1187
1187
1186
1184
1183
1182
1182
1181
1178
1176
1171
1169
1167
1165
1165
1164
1163
1162
1159
1158
1158
1156
1156
1155
1153
1152
1151
1151
1151
1151
1150
1150
1149
1148
1147
1146
1145
1145
1142
1141
1138
1137
1137
1136
1135
1135
1132
1130
1128
1125
1125
1124
1122
1122
1120
1119
1116
1116
1114
1114
1114
1114
1113
1113
1112
1112
1109
1109
1108
1108
1108
1107
1107
1106
1106
1105
1105
1104
1104
1103
1101
1101
1100
1098
1098
1097
1097
1096
1095
1094
1094
1094
1093
1090
1088
1087
1087
1087
1086
1085
1085
1084
1083
1083
1083
1081
1081
1081
1076
1075
1075
1073
1072
1072
1070
1069
1069
1068
1067
1066
1066
1066
1063
1063
1059
1059
1058
1058
1058
1058
1057
1056
1055
1055
1051
1051
1051
1048
1048
1047
1046
1046
1045
1045
1044
1044
1043
1042
1041
1038
1038
1037
1037
1036
1034
1034
1034
1033
1032
1032
1031
1030
1029
1028
1027
1024
1022
1021
1019
1018
1018
1015
1015
1013
1012
1008
1005
1005
1002
1001
1000
998
998
997
996
995
993
993
992
989
988
988
987
987
987
986
986
986
986
985
983
983
982
979
979
979
977
974
974
972
972
971
971
971
971
969
969
968
968
967
966
965
963
963
962
961
961
960
960
960
959
958
957
954
954
953
952
952
950
950
949
948
948
945
945
944
942
942
941
941
941
938
938
937
935
934
934
932
932
931
930
930
927
926
924
924
924
922
921
920
920
919
917
915
915
915
914
913
912
912
910
909
908
907
906
906
906
905
905
902
901
900
899
899
899
898
898
896
895
895
894
894
894
893
893
892
888
885
884
883
881
881
881
881
879
878
878
877
877
875
874
870
870
869
869
868
865
864
862
862
861
861
859
858
858
857
857
857
856
855
853
852
851
850
849
848
848
847
847
845
845
844
844
843
843
842
841
839
839
837
837
837
836
836
834
832
829
828
828
828
827
827
827
825
821
820
817
817
816
816
816
812
811
811
810
806
806
805
804
802
802
801
801
798
798
797
797
797
797
796
795
795
795
794
793
793
791
788
787
784
784
784
782
782
782
781
780
780
777
776
776
776
775
775
774
773
772
772
771
770
770
769
769
769
768
767
766
766
766
765
765
765
764
763
760
760
760
759
759
758
756
754
753
751
750
749
747
743
742
742
741
741
740
740
739
739
738
736
735
734
733
733
733
732
731
731
729
729
728
728
728
726
725
724
723
723
722
722
720
718
716
716
716
715
711
711
711
710
706
706
704
704
704
703
702
700
699
699
698
693
693
692
691
690
687
687
686
686
685
684
684
683
682
682
681
681
680
679
679
679
679
677
675
672
671
671
670
669
668
666
666
665
664
664
664
661
660
660
655
654
654
653
653
652
649
648
645
645
645
644
643
643
643
642
642
642
641
641
639
639
639
639
637
636
635
634
634
633
633
632
632
631
629
628
627
625
624
624
624
623
623
621
621
621
620
619
618
617
616
615
614
612
611
610
610
607
605
604
603
601
600
600
599
599
597
596
596
595
593
592
591
591
589
588
587
583
583
582
581
580
579
578
578
578
576
576
574
573
572
571
570
569
567
567
566
565
561
560
560
558
558
558
557
557
556
556
555
554
552
552
551
550
547
546
546
545
542
541
541
540
540
539
538
538
538
537
537
536
532
532
531
531
530
529
529
529
527
527
526
524
517
516
514
513
512
512
511
511
509
508
507
506
505
504
503
502
502
502
499
496
494
494
493
490
486
485
484
483
481
481
479
479
477
476
472
468
468
467
466
466
464
464
462
460
459
456
455
454
453
452
452
451
450
450
449
449
446
445
445
439
438
437
435
433
432
432
432
430
429
428
428
428
428
427
427
426
423
420
420
420
420
419
418
418
418
417
414
413
412
412
411
410
410
410
408
407
407
406
406
403
401
401
401
400
400
399
399
398
397
397
397
395
392
392
392
391
391
390
389
389
388
384
384
384
384
383
383
382
382
381
380
380
380
379
378
377
377
377
377
374
374
373
373
370
369
367
364
361
361
360
357
356
355
354
351
350
349
348
347
347
347
346
346
345
345
345
345
344
344
344
344
342
341
339
338
338
338
334
332
332
330
329
328
325
323
323
323
322
322
321
320
318
317
316
314
313
313
310
310
309
309
308
307
307
305
303
303
298
294
292
291
290
290
289
289
289
289
287
285
285
284
283
282
281
279
278
278
276
275
275
274
274
273
272
271
270
268
268
268
268
268
266
266
265
264
263
263
262
261
260
259
257
257
256
256
255
255
254
254
253
252
251
250
249
247
247
246
246
243
242
241
238
238
238
237
237
236
235
234
233
231
229
229
227
227
226
226
226
226
225
224
223
222
221
219
219
219
219
212
211
211
209
208
208
207
207
205
204
204
204
202
201
200
199
199
198
197
197
197
196
196
195
194
194
193
192
189
189
188
187
186
186
185
184
183
182
181
179
178
178
177
177
176
175
174
173
173
172
172
170
169
169
169
168
168
165
164
164
158
154
154
153
151
150
148
148
147
146
146
145
144
144
143
142
142
137
137
132
129
129
128
127
126
126
124
121
121
120
119
118
117
116
116
114
113
110
110
110
109
108
106
105
104
103
102
99
99
98
98
97
97
97
95
94
94
92
92
87
86
84
84
84
83
82
81
79
79
78
77
77
76
75
75
71
71
70
70
68
68
68
66
66
65
65
63
63
62
60
57
57
56
55
55
55
55
55
51
50
50
49
49
47
45
43
43
43
42
42
42
41
40
38
36
36
35
33
31
31
21
21
20
20
19
19
17
17
17
17
16
15
15
13
10
10
10
9
7
7
7
7
5
4
3
3
1
