1
3
3
4
5
7
7
7
7
9
10
10
10
13
15
15
16
17
17
17
17
19
19
20
20
21
21
31
31
33
35
36
36
38
40
41
42
42
42
43
43
43
45
47
49
49
50
50
51
55
55
55
55
55
56
57
57
60
62
63
63
65
65
66
66
68
68
68
70
70
71
71
75
75
76
77
77
78
79
79
81
82
83
84
84
84
86
87
92
92
94
94
95
97
97
97
98
98
99
99
102
103
104
105
106
108
109
110
110
110
113
114
116
116
117
118
119
120
121
121
124
126
126
127
128
129
129
132
137
137
142
142
143
144
144
145
146
146
147
148
148
150
151
153
154
154
158
164
164
165
168
168
169
169
169
170
172
172
173
173
174
175
176
177
177
178
178
179
181
182
183
184
185
186
186
187
188
189
189
192
193
194
194
195
196
196
197
197
197
198
199
199
200
201
202
204
204
204
205
207
207
208
208
209
211
211
212
219
219
219
219
221
222
223
224
225
226
226
226
226
227
227
229
229
231
233
234
235
236
237
237
238
238
238
241
242
243
246
246
247
247
249
250
251
252
253
254
254
255
255
256
256
257
257
259
260
261
262
263
263
264
265
266
266
268
268
268
268
268
270
271
272
273
274
274
275
275
276
278
278
279
281
282
283
284
285
285
287
289
289
289
289
290
290
291
292
294
298
303
303
305
307
307
308
309
309
310
310
313
313
314
316
317
318
320
321
322
322
323
323
323
325
328
329
330
332
332
334
338
338
338
339
341
342
344
344
344
344
345
345
345
345
346
346
347
347
347
348
349
350
351
354
355
356
357
360
361
361
364
367
369
370
373
373
374
374
377
377
377
377
378
379
380
380
380
381
382
382
383
383
384
384
384
384
388
389
389
390
391
391
392
392
392
395
397
397
397
398
399
399
400
400
401
401
401
403
406
406
407
407
408
410
410
410
411
412
412
413
414
417
418
418
418
419
420
420
420
420
423
426
427
427
428
428
428
428
429
430
432
432
432
433
435
437
438
439
445
445
446
449
449
450
450
451
452
452
453
454
455
456
459
460
462
464
464
466
466
467
468
468
472
476
477
479
479
481
481
483
484
485
486
490
493
494
494
496
499
502
502
502
503
504
505
506
507
508
509
511
511
512
512
513
514
516
517
524
526
527
527
529
529
529
530
531
531
532
532
536
537
537
538
538
538
539
540
540
541
541
542
545
546
546
547
550
551
552
552
554
555
556
556
557
557
558
558
558
560
560
561
565
566
567
567
569
570
571
572
573
574
576
576
578
578
578
579
580
581
582
583
583
587
588
589
591
591
592
593
595
596
596
597
599
599
600
600
601
603
604
605
607
610
610
611
612
614
615
616
617
618
619
620
621
621
621
623
623
624
624
624
625
627
628
629
631
632
632
633
633
634
634
635
636
637
639
639
639
639
641
641
642
642
642
643
643
643
644
645
645
645
648
649
652
653
653
654
654
655
660
660
661
664
664
664
665
666
666
668
669
670
671
671
672
675
677
679
679
679
679
680
681
681
682
682
683
684
684
685
686
686
687
687
690
691
692
693
693
698
699
699
700
702
703
704
704
704
706
706
710
711
711
711
715
716
716
716
718
720
722
722
723
723
724
725
726
728
728
728
729
729
731
731
732
733
733
733
734
735
736
738
739
739
740
740
741
741
742
742
743
747
749
750
751
753
754
756
758
759
759
760
760
760
763
764
765
765
765
766
766
766
767
768
769
769
769
770
770
771
772
772
773
774
775
775
776
776
776
777
780
780
781
782
782
782
784
784
784
787
788
791
793
793
794
795
795
795
796
797
797
797
797
798
798
801
801
802
802
804
805
806
806
810
811
811
812
816
816
816
817
817
820
821
825
827
827
827
828
828
828
829
832
834
836
836
837
837
837
839
839
841
842
843
843
844
844
845
845
847
847
848
848
849
850
851
852
853
855
856
857
857
857
858
858
859
861
861
862
862
864
865
868
869
869
870
870
874
875
877
877
878
878
879
881
881
881
881
883
884
885
888
892
893
893
894
894
894
895
895
896
898
898
899
899
899
900
901
902
905
905
906
906
906
907
908
909
910
912
912
913
914
915
915
915
917
919
920
920
921
922
924
924
924
926
927
930
930
931
932
932
934
934
935
937
938
938
941
941
941
942
942
944
945
945
948
948
949
950
950
952
952
953
954
954
957
958
959
960
960
960
961
961
962
963
963
965
966
967
968
968
969
969
971
971
971
971
972
972
974
974
977
979
979
979
982
983
983
985
986
986
986
986
987
987
987
988
988
989
992
993
993
995
996
997
998
998
1000
1001
1002
1005
1005
1008
1012
1013
1015
1015
1018
1018
1019
1021
1022
1024
1027
1028
1029
1030
1031
1032
1032
1033
1034
1034
1034
1036
1037
1037
1038
1038
1041
1042
1043
1044
1044
1045
1045
1046
1046
1047
1048
1048
1051
1051
1051
1055
1055
1056
1057
1058
1058
1058
1058
1059
1059
1063
1063
1066
1066
1066
1067
1068
1069
1069
1070
1072
1072
1073
1075
1075
1076
1081
1081
1081
1083
1083
1083
1084
1085
1085
1086
1087
1087
1087
1088
1090
1093
1094
1094
1094
1095
1096
1097
1097
1098
1098
1100
1101
1101
1103
1104
1104
1105
1105
1106
1106
1107
1107
1108
1108
1108
1109
1109
1112
1112
1113
1113
1114
1114
1114
1114
1116
1116
1119
1120
1122
1122
1124
1125
1125
1128
1130
1132
1135
1135
1136
1137
1137
1138
1141
1142
1145
1145
1146
1147
1148
1149
1150
1150
1151
1151
1151
1151
1152
1153
1155
1156
1156
1158
1158
1159
1162
1163
1164
1165
1165
1167
1169
1171
1176
1178
1181
1182
1182
1183
1184
1186
1187
1187
1190
1191
1191
1193
1193
1193
1194
1194
1194
1196
1199
1199
1199
1199
1199
1201
1202
1207
1208
1209
1209
1209
1215
1215
1215
1215
1215
1216
1217
1218
1219
1220
1221
1221
1222
1226
1227
1228
1228
1228
1229
1229
1229
1229
1230
1231
1232
1234
1235
1235
1236
1238
1238
1241
1243
1243
1244
1244
1245
1247
1248
1249
1249
1250
1251
1251
1254
1256
1256
1257
1257
1260
1260
1261
1262
1264
1265
1265
1265
1270
1270
1271
1272
1272
1274
1275
1275
1275
1276
1278
1278
1279
1279
1280
1280
1281
1281
1282
1282
1282
1284
1284
1285
1285
1286
1287
1289
1289
1291
1295
1295
1295
1296
1296
1296
1297
1297
1297
1300
1301
1302
1302
1306
1306
1307
1307
1308
1311
1314
1315
1318
1318
1320
1324
1324
1325
1325
1326
1326
1328
1333
1333
1334
1335
1338
1338
1343
1344
1347
1347
1348
1349
1349
1350
1350
1350
1350
1351
1353
1355
1355
1355
1356
1357
1361
1361
1364
1364
1365
1366
1369
1370
1371
1372
1372
1372
1374
1375
1379
1379
1379
1380
1381
1382
1386
1389
1389
1389
1390
1392
1392
1396
1396
1399
1399
1401
1401
1402
1402
1404
1406
1407
1408
1409
1409
1410
1411
1411
1413
1413
1414
1415
1416
1418
1419
1419
1421
1423
1423
1424
1425
1426
1428
1428
1430
1430
1431
1432
1432
1433
1433
1434
1436
1436
1436
1436
1438
1438
1438
1439
1442
1444
1444
1445
1445
1446
1446
1447
1448
1448
1448
1449
1449
1451
1451
1453
1454
1455
1456
1457
1457
1459
1461
1461
1462
1463
1464
1465
1466
1467
1467
1468
1468
1469
1469
1470
1470
1470
1470
1470
1473
1473
1473
1474
1474
1475
1479
1479
1479
1481
1481
1481
1481
1482
1482
1485
1487
1487
1487
1492
1492
1493
1495
1495
1496
1499
1500
1502
1502
1504
1505
1507
1509
1510
1510
1511
1512
1512
1513
1516
1518
1518
1518
1520
1520
1520
1523
1524
1524
1524
1525
1526
1527
1529
1529
1533
1535
1538
1538
1539
1541
1542
1542
1546
1547
1547
1549
1551
1551
1552
1553
1553
1553
1554
1554
1555
1556
1556
1556
1558
1558
1559
1563
1564
1565
1566
1566
1568
1571
1572
1573
1574
1575
1577
1577
1579
1580
1580
1581
1582
1582
1582
1583
1586
1588
1588
1590
1593
1594
1596
1596
1597
1597
1598
1598
1599
1600
1601
1601
1603
1604
1605
1605
1606
1606
1607
1607
1608
1608
1608
1610
1610
1611
1612
1612
1612
1613
1613
1614
1616
1616
1618
1618
1618
1619
1620
1620
1621
1622
1623
1625
1626
1626
1626
1626
1627
1632
1633
1633
1634
1634
1640
1641
1642
1643
1643
1644
1648
1648
1649
1649
1652
1653
1653
1655
1655
1657
1658
1659
1660
1660
1661
1662
1662
1663
1664
1671
1673
1673
1675
1675
1675
1675
1676
1676
1679
1680
1681
1682
1682
1683
1686
1687
1687
1687
1687
1687
1689
1691
1691
1693
1695
1696
1696
1697
1697
1700
1700
1700
1701
1701
1702
1702
1702
1703
1703
1703
1704
1705
1710
1710
1710
1711
1712
1716
1718
1720
1721
1724
1724
1725
1726
1728
1729
1732
1734
1734
1734
1737
1738
1738
1740
1740
1740
1741
1741
1741
1742
1743
1745
1748
1749
1751
1753
1754
1755
1755
1757
1758
1759
1761
1764
1766
1768
1769
1770
1770
1770
1772
1772
1773
1775
1776
1776
1777
1777
1778
1779
1782
1782
1782
1784
1784
1785
1786
1786
1786
1787
1787
1788
1788
1788
1791
1791
1792
1792
1792
1794
1795
1797
1798
1801
1806
1807
1808
1809
1811
1811
1812
1812
1813
1817
1818
1822
1822
1822
1822
1822
1823
1824
1824
1825
1827
1827
1828
1830
1831
1832
1832
1835
1835
1837
1837
1839
1840
1840
1840
1840
1844
1845
1846
1846
1847
1847
1849
1850
1850
1850
1851
1853
1853
1853
1855
1856
1857
1858
1858
1859
1860
1861
1861
1863
1863
1865
1865
1868
1869
1869
1869
1870
1871
1872
1874
1877
1878
1878
1880
1882
1882
1883
1884
1884
1884
1886
1887
1888
1889
1889
1890
1891
1892
1892
1892
1892
1893
1894
1900
1902
1903
1904
1905
1907
1907
1907
1908
1908
1908
1909
1910
1911
1911
1911
1912
1914
1914
1914
1916
1918
1920
1920
1925
1925
1926
1927
1927
1929
1929
1929
1930
1930
1932
1932
1933
1933
1934
1934
1935
1936
1937
1938
1939
1939
1939
1941
1942
1943
1946
1954
1954
1955
1956
1957
1958
1958
1960
1960
1962
1963
1963
1964
1965
1966
1966
1967
1967
1970
1972
1972
1972
1972
1973
1973
1973
1974
1975
1975
1976
1976
1977
1978
1979
1979
1979
1980
1980
1981
1982
1982
1984
1984
1985
1987
1987
1990
1991
1991
1991
1994
1994
1995
1996
1997
1997
1997
1999
1999
2001
2002
2003
2004
2006
2007
2007
2007
2007
2010
2010
2011
2011
2011
2011
2012
2013
2013
2018
2020
2022
2024
2026
2028
2028
2028
2029
2030
2030
2030
2031
2032
2033
2033
2034
2035
2036
2037
2038
2038
2040
2040
2040
2041
2041
2044
2044
2044
2045
2046
2046
2049
2049
2051
2052
2052
2053
2054
2057
2057
2057
2058
2058
2058
2059
2059
2059
2060
2060
2061
2062
2063
2067
2067
2067
2067
2068
2071
2071
2073
2075
2076
2076
2077
2077
2077
2079
2079
2079
2080
2080
2081
2081
2083
2084
2085
2085
2088
2089
2089
2090
2090
2094
2095
2095
2096
2096
2097
2097
2098
2098
2102
2103
2103
2103
2104
2104
2105
2106
2109
2109
2111
2115
2116
2116
2117
2118
2118
2119
2120
2120
2121
2121
2122
2122
2123
2125
2128
2129
2130
2130
2131
2132
2133
2133
2134
2135
2135
2138
2140
2140
2140
2141
2141
2141
2143
2144
2145
2148
2149
2151
2152
2153
2153
2154
2156
2157
2157
2158
2159
2160
2162
2163
2164
2164
2164
2166
2166
2167
2168
2168
2170
2170
2171
2172
2174
2174
2175
2175
2176
2176
2177
2179
2179
2179
2179
2180
2181
2182
2183
2184
2184
2185
2189
2190
2190
2191
2191
2192
2194
2194
2195
2196
2196
2197
2197
2198
2199
2199
2200
2200
2201
2201
2202
2202
2203
2203
2203
2203
2204
2204
2205
2206
2206
2208
2208
2212
2212
2214
2214
2215
2215
2216
2216
2217
2217
2218
2219
2219
2220
2222
2224
2225
2225
2225
2225
2225
2226
2226
2226
2227
2227
2227
2228
2229
2230
2230
2233
2233
2234
2234
2235
2235
2236
2237
2237
2238
2238
2239
2239
2242
2242
2243
2244
2244
2245
2246
2247
2248
2252
2252
2254
2254
2255
2256
2257
2258
2259
2259
2260
2261
2262
2263
2264
2264
2264
2265
2265
2267
2269
2271
2272
2272
2273
2273
2274
2275
2276
2277
2277
2277
2279
2279
2280
2281
2282
2283
2283
2283
2285
2286
2286
2290
2290
2292
2293
2294
2298
2298
2299
2300
2300
2301
2304
2305
2305
2305
2308
2308
2309
2309
2311
2312
2313
2313
2313
2316
2317
2317
2318
2318
2319
2319
2319
2322
2323
2324
2326
2326
2326
2328
2328
2329
2329
2329
2330
2332
2333
2335
2338
2339
2340
2341
2341
2342
2343
2344
2347
2348
2349
2351
2352
2355
2355
2360
2360
2360
2360
2361
2361
2364
2368
2370
2370
2372
2373
2374
2374
2375
2376
2379
2379
2381
2382
2386
2387
2387
2387
2387
2390
2391
2392
2392
2393
2396
2397
2402
2402
2403
2404
2404
2404
2408
2408
2408
2409
2411
2412
2414
2414
2414
2416
2419
2422
2423
2423
2424
2425
2425
2425
2427
2430
2431
2433
2434
2435
2436
2436
2438
2439
2440
2440
2440
2441
2442
2443
2444
2448
2448
2450
2451
2451
2452
2452
2453
2453
2453
2454
2454
2455
2455
2456
2457
2458
2459
2460
2461
2462
2462
2466
2469
2469
2471
2471
2473
2474
2474
2475
2476
2477
2478
2479
2479
2479
2481
2481
2482
2484
2484
2486
2493
2495
2500
2500
2501
2501
2504
2506
2507
2510
2512
2513
2516
2518
2520
2521
2522
2522
2522
2524
2525
2528
2530
2533
2533
2535
2536
2536
2537
2539
2540
2541
2541
2542
2544
2545
2545
2547
2549
2550
2556
2558
2558
2560
2561
2562
2563
2563
2564
2564
2565
2566
2567
2568
2569
2570
2571
2571
2572
2572
2572
2573
2573
2573
2575
2575
2576
2576
2577
2577
2578
2579
2580
2580
2581
2582
2582
2585
2585
2585
2586
2588
2588
2590
2592
2593
2593
2594
2596
2598
2598
2598
2599
2600
2601
2603
2605
2605
2607
2609
2611
2611
2612
2612
2613
2613
2614
2614
2615
2620
2620
2634
2635
2635
2635
2636
2638
2638
2638
2638
2640
2641
2642
2643
2643
2644
2646
2647
2647
2648
2649
2649
2649
2650
2651
2652
2652
2653
2653
2654
2654
2655
2655
2656
2659
2659
2661
2661
2662
2664
2665
2666
2667
2668
2668
2669
2669
2672
2674
2674
2676
2678
2679
2680
2682
2683
2683
2684
2686
2688
2689
2690
2691
2691
2691
2692
2693
2694
2695
2696
2697
2697
2698
2700
2701
2701
2701
2702
2702
2704
2706
2707
2710
2712
2713
2713
2714
2714
2715
2718
2718
2718
2721
2723
2727
2730
2732
2733
2734
2734
2735
2736
2736
2737
2737
2737
2737
2737
2737
2738
2738
2739
2739
2740
2740
2740
2741
2741
2742
2742
2747
2747
2748
2748
2749
2751
2751
2753
2754
2755
2755
2756
2757
2757
2757
2758
2759
2759
2760
2761
2762
2763
2766
2768
2772
2774
2774
2775
2775
2775
2775
2778
2779
2780
2782
2783
2784
2785
2786
2786
2786
2788
2789
2789
2789
2789
2792
2792
2793
2794
2795
2796
2797
2798
2801
2801
2801
2803
2804
2806
2806
2806
2808
2808
2809
2810
2810
2811
2811
2812
2813
2815
2816
2816
2819
2820
2821
2825
2825
2826
2829
2830
2830
2830
2831
2832
2833
2835
2836
2837
2838
2839
2840
2842
2842
2843
2843
2843
2844
2845
2845
2845
2846
2847
2849
2851
2852
2853
2853
2854
2854
2855
2855
2856
2856
2858
2858
2858
2858
2859
2860
2860
2861
2864
2865
2866
2867
2868
2869
2869
2869
2871
2871
2872
2872
2875
2875
2876
2876
2878
2879
2880
2882
2882
2883
2885
2885
2885
2886
2887
2887
2889
2889
2890
2893
2895
2895
2896
2897
2897
2897
2897
2897
2900
2901
2904
2905
2905
2905
2906
2907
2908
2909
2909
2909
2911
2911
2912
2912
2914
2916
2916
2918
2918
2918
2920
2921
2922
2922
2922
2926
2928
2929
2930
2931
2933
2934
2935
2935
2935
2935
2936
2936
2937
2937
2938
2938
2938
2938
2939
2939
2939
2941
2941
2942
2943
2943
2948
2948
2949
2949
2950
2953
2953
2954
2954
2955
2956
2956
2957
2957
2958
2958
2959
2959
2960
2960
2962
2965
2967
2967
2969
2969
2969
2971
2971
2972
2973
2974
2976
2980
2980
2980
2980
2981
2983
2984
2984
2985
2985
2986
2987
2987
2988
2988
2988
2991
2992
2992
2994
2995
2995
2996
2996
2997
2998
2999
2999
3000
3003
3004
3005
3007
3010
3010
3010
3011
3011
3011
3012
3013
3015
3015
3016
3020
3022
3022
3022
3022
3024
3024
3024
3024
3025
3026
3028
3029
3029
3030
3031
3032
3033
3035
3037
3037
3038
3039
3039
3040
3041
3041
3042
3043
3044
3045
3045
3045
3047
3048
3049
3049
3049
3053
3055
3055
3056
3058
3059
3060
3060
3060
3060
3060
3062
3062
3063
3067
3067
3068
3070
3070
3072
3072
3072
3073
3074
3075
3075
3076
3077
3078
3080
3080
3080
3080
3080
3081
3083
3084
3087
3087
3088
3090
3091
3094
3094
3094
3094
3094
3095
3095
3096
3097
3098
3099
3100
3101
3101
3103
3104
3105
3106
3106
3107
3107
3108
3109
3111
3113
3120
3120
3121
3121
3121
3124
3124
3125
3128
3129
3129
3129
3130
3131
3131
3132
3133
3133
3134
3135
3135
3136
3137
3137
3137
3140
3140
3140
3140
3141
3141
3141
3142
3143
3143
3143
3144
3144
3145
3146
3147
3148
3150
3152
3152
3152
3153
3153
3154
3154
3154
3155
3156
3156
3158
3158
3159
3159
3162
3163
3164
3164
3164
3166
3168
3168
3169
3169
3171
3173
3173
3173
3176
3176
3176
3177
3177
3178
3179
3180
3182
3183
3183
3184
3184
3188
3189
3192
3192
3194
3195
3196
3197
3198
3199
3200
3200
3200
3201
3202
3205
3207
3209
3209
3211
3211
3212
3213
3213
3215
3216
3217
3218
3218
3219
3220
3221
3222
3223
3223
3224
3224
3226
3226
3228
3228
3228
3228
3229
3231
3231
3234
3235
3235
3237
3237
3241
3242
3242
3243
3244
3244
3245
3246
3247
3247
3248
3251
3252
3253
3255
3256
3258
3259
3260
3261
3261
3261
3261
3264
3265
3265
3265
3266
3266
3267
3267
3268
3268
3270
3270
3270
3271
3272
3273
3273
3273
3275
3275
3275
3277
3279
3281
3282
3284
3286
3286
3286
3287
3288
3288
3288
3288
3288
3289
3289
3290
3291
3292
3292
3292
3292
3293
3293
3294
3295
3295
3295
3296
3297
3297
3298
3299
3299
3302
3303
3304
3304
3304
3304
3304
3308
3309
3309
3311
3314
3317
3317
3319
3319
3319
3319
3319
3320
3322
3322
3322
3323
3324
3326
3326
3326
3327
3329
3329
3330
3331
3332
3335
3336
3337
3337
3344
3344
3346
3348
3350
3351
3351
3351
3351
3352
3352
3353
3353
3356
3356
3356
3356
3358
3358
3359
3359
3362
3372
3373
3373
3373
3374
3374
3375
3376
3377
3377
3378
3378
3378
3379
3379
3380
3381
3382
3383
3385
3387
3387
3388
3390
3390
3390
3391
3392
3393
3396
3397
3397
3399
3399
3399
3401
3401
3402
3402
3402
3404
3406
3408
3412
3413
3414
3415
3415
3418
3419
3419
3420
3421
3421
3422
3423
3425
3425
3425
3427
3429
3430
3431
3431
3431
3432
3434
3434
3435
3435
3435
3437
3437
3438
3438
3439
3439
3440
3442
3444
3444
3445
3447
3448
3450
3451
3454
3458
3458
3460
3461
3462
3468
3471
3471
3471
3472
3473
3474
3474
3475
3476
3476
3477
3478
3480
3480
3481
3481
3482
3483
3483
3485
3488
3491
3492
3493
3493
3496
3497
3498
3500
3500
3501
3501
3501
3502
3502
3503
3503
3505
3505
3505
3507
3507
3508
3511
3511
3512
3514
3514
3515
3515
3515
3515
3516
3516
3517
3517
3518
3518
3519
3519
3520
3523
3526
3526
3528
3529
3529
3531
3532
3533
3534
3535
3537
3538
3538
3538
3539
3540
3541
3541
3542
3543
3543
3544
3545
3547
3548
3548
3549
3549
3552
3552
3553
3556
3558
3558
3559
3560
3561
3563
3563
3564
3564
3564
3566
3567
3568
3569
3569
3570
3570
3570
3572
3572
3572
3574
3575
3576
3576
3577
3580
3581
3581
3582
3583
3583
3583
3583
3584
3587
3590
3590
3592
3596
3596
3597
3597
3601
3603
3603
3606
3608
3612
3612
3613
3615
3616
3616
3616
3617
3617
3619
3619
3619
3621
3623
3624
3624
3626
3626
3627
3628
3630
3631
3632
3632
3632
3632
3633
3635
3637
3638
3639
3642
3642
3644
3645
3646
3647
3648
3650
3653
3656
3657
3657
3658
3658
3658
3659
3659
3660
3661
3663
3663
3665
3665
3666
3667
3668
3668
3671
3672
3672
3673
3673
3673
3673
3673
3675
3676
3678
3679
3679
3680
3681
3681
3681
3683
3685
3686
3687
3687
3690
3691
3691
3692
3692
3694
3695
3695
3695
3698
3699
3700
3700
3700
3700
3701
3702
3703
3706
3707
3708
3709
3709
3710
3710
3710
3710
3712
3713
3716
3717
3718
3719
3720
3722
3724
3727
3727
3730
3731
3731
3733
3733
3734
3734
3737
3738
3738
3738
3739
3739
3739
3740
3741
3744
3745
3745
3747
3748
3748
3751
3751
3751
3751
3752
3753
3753
3754
3754
3756
3757
3758
3758
3760
3761
3763
3764
3767
3768
3769
3769
3769
3769
3770
3771
3771
3772
3773
3775
3777
3778
3779
3779
3779
3782
3783
3783
3784
3786
3788
3789
3791
3792
3793
3794
3797
3800
3800
3801
3803
3803
3803
3804
3804
3805
3807
3808
3808
3810
3810
3812
3812
3813
3814
3814
3814
3815
3818
3819
3821
3822
3823
3825
3825
3825
3831
3832
3832
3832
3833
3833
3835
3836
3837
3837
3837
3838
3838
3840
3840
3841
3841
3842
3842
3843
3845
3847
3848
3849
3851
3852
3853
3853
3854
3856
3858
3858
3859
3860
3860
3860
3861
3861
3866
3866
3867
3867
3867
3868
3870
3874
3875
3875
3875
3876
3877
3877
3877
3878
3879
3879
3879
3882
3883
3883
3883
3884
3885
3887
3890
3890
3890
3890
3891
3892
3894
3897
3898
3898
3899
3899
3902
3903
3903
3904
3906
3909
3909
3910
3910
3911
3911
3912
3914
3915
3916
3918
3919
3919
3919
3920
3920
3923
3923
3926
3932
3932
3932
3935
3937
3938
3938
3939
3940
3941
3942
3943
3943
3943
3944
3944
3948
3949
3950
3950
3950
3951
3951
3952
3953
3954
3954
3954
3955
3956
3956
3957
3959
3959
3960
3961
3961
3967
3968
3970
3971
3971
3972
3973
3973
3974
3974
3975
3977
3978
3978
3978
3980
3980
3981
3982
3982
3984
3985
3986
3987
3987
3987
3988
3990
3990
3991
3991
3993
3993
3995
3995
3996
3996
3998
3998
3998
4000
4001
4001
4001
4001
4003
4003
4005
4005
4006
4006
4006
4007
4011
4012
4013
4013
4013
4014
4014
4014
4015
4015
4015
4016
4016
4017
4017
4018
4019
4021
4021
4023
4024
4026
4026
4026
4027
4028
4028
4028
4029
4029
4029
4030
4031
4031
4032
4032
4033
4033
4034
4035
4035
4036
4037
4037
4037
4038
4040
4041
4041
4041
4043
4043
4044
4045
4045
4046
4047
4047
4048
4048
4048
4050
4053
4053
4054
4055
4055
4056
4056
4058
4060
4062
4063
4064
4067
4067
4067
4068
4068
4070
4071
4072
4074
4075
4076
4077
4079
4080
4080
4080
4080
4082
4082
4082
4083
4088
4092
4092
4094
4096
4096
4097
4099
4099
4101
4101
4102
4102
4103
4104
4104
4106
4106
4106
4106
4107
4109
4111
4111
4112
4112
4112
4113
4114
4115
4117
4118
4120
4121
4124
4126
4126
4127
4129
4129
4130
4130
4133
4133
4135
4136
4137
4137
4137
4140
4141
4143
4143
4145
4146
4146
4147
4149
4151
4151
4152
4153
4153
4155
4155
4156
4157
4157
4158
4159
4159
4159
4159
4160
4162
4163
4172
4172
4173
4176
4180
4180
4184
4186
4187
4189
4190
4199
4200
4201
4202
4204
4206
4209
4211
4213
4215
4215
4216
4216
4216
4216
4217
4218
4219
4225
4227
4227
4227
4228
4228
4229
4229
4230
4233
4233
4234
4237
4238
4238
4238
4241
4242
4244
4244
4244
4244
4246
4247
4247
4250
4250
4253
4254
4256
4257
4257
4257
4257
4260
4260
4260
4261
4261
4262
4262
4264
4265
4266
4266
4267
4267
4268
4269
4270
4271
4271
4272
4273
4274
4274
4276
4276
4277
4277
4278
4278
4280
4281
4282
4284
4286
4286
4286
4287
4288
4292
4293
4295
4296
4298
4299
4299
4300
4302
4302
4304
4306
4307
4309
4309
4310
4312
4313
4315
4315
4315
4316
4317
4318
4318
4319
4319
4320
4321
4321
4323
4323
4325
4326
4328
4329
4330
4330
4331
4332
4335
4336
4337
4337
4338
4338
4340
4340
4342
4342
4343
4344
4346
4346
4346
4347
4347
4348
4349
4350
4350
4354
4355
4355
4355
4356
4356
4358
4359
4364
4364
4366
4366
4367
4369
4370
4370
4372
4374
4376
4377
4378
4380
4382
4385
4388
4389
4389
4389
4390
4391
4391
4391
4392
4393
4393
4393
4394
4394
4396
4397
4398
4399
4401
4403
4403
4404
4404
4404
4405
4406
4406
4407
4407
4409
4409
4411
4413
4415
4415
4416
4418
4419
4419
4420
4421
4421
4421
4424
4425
4426
4426
4427
4427
4428
4430
4432
4434
4436
4436
4438
4438
4439
4440
4440
4441
4445
4446
4446
4449
4450
4450
4451
4452
4452
4452
4453
4455
4455
4456
4456
4456
4457
4457
4457
4458
4459
4460
4462
4462
4467
4467
4471
4473
4473
4474
4476
4476
4478
4481
4482
4482
4483
4484
4484
4485
4485
4486
4487
4489
4489
4491
4491
4492
4493
4493
4493
4494
4499
4500
4502
4502
4503
4503
4505
4510
4511
4511
4513
4516
4517
4517
4517
4523
4523
4523
4524
4525
4525
4526
4531
4531
4531
4531
4531
4531
4532
4535
4536
4536
4537
4538
4539
4540
4540
4543
4543
4543
4544
4546
4547
4547
4549
4552
4552
4553
4554
4555
4556
4557
4558
4563
4563
4564
4569
4569
4569
4570
4570
4571
4571
4572
4573
4574
4575
4575
4576
4584
4586
4586
4587
4588
4589
4589
4590
4591
4592
4592
4593
4595
4599
4599
4604
4604
4605
4606
4607
4608
4609
4611
4611
4611
4613
4613
4616
4618
4618
4619
4620
4620
4621
4622
4623
4624
4624
4624
4624
4626
4627
4628
4629
4630
4630
4630
4631
4632
4633
4636
4638
4638
4640
4641
4642
4644
4644
4644
4646
4652
4654
4654
4654
4656
4658
4658
4661
4662
4663
4663
4664
4664
4664
4665
4665
4665
4666
4666
4667
4668
4670
4671
4671
4673
4673
4673
4675
4675
4675
4676
4677
4678
4680
4681
4682
4683
4683
4685
4686
4686
4686
4687
4687
4688
4689
4690
4692
4693
4694
4694
4696
4697
4697
4698
4700
4703
4704
4706
4706
4707
4707
4708
4711
4711
4711
4711
4712
4712
4714
4715
4715
4716
4716
4716
4717
4718
4720
4721
4723
4725
4726
4727
4728
4729
4729
4730
4731
4731
4734
4737
4738
4738
4739
4739
4742
4743
4743
4744
4744
4744
4747
4747
4747
4747
4748
4748
4749
4749
4750
4751
4751
4752
4754
4754
4756
4757
4758
4759
4760
4760
4760
4760
4760
4762
4765
4765
4766
4767
4767
4769
4769
4771
4773
4774
4775
4775
4775
4776
4776
4777
4777
4779
4781
4782
4783
4784
4785
4785
4785
4786
4786
4787
4788
4788
4788
4789
4790
4790
4795
4796
4797
4797
4798
4798
4799
4799
4800
4802
4802
4803
4804
4807
4807
4808
4809
4810
4810
4812
4813
4813
4813
4813
4816
4817
4817
4817
4818
4820
4821
4821
4825
4825
4825
4826
4826
4827
4827
4827
4828
4830
4831
4832
4832
4832
4832
4835
4836
4843
4844
4844
4845
4845
4847
4847
4848
4849
4851
4851
4855
4855
4857
4857
4858
4858
4858
4859
4859
4861
4862
4863
4864
4864
4865
4865
4866
4867
4867
4868
4869
4869
4870
4871
4873
4874
4874
4875
4875
4878
4881
4881
4883
4885
4886
4887
4888
4888
4889
4890
4891
4891
4892
4892
4896
4897
4898
4901
4902
4904
4905
4905
4905
4906
4906
4906
4907
4908
4910
4911
4912
4912
4914
4915
4915
4916
4921
4923
4924
4925
4926
4927
4929
4932
4932
4932
4932
4933
4934
4934
4935
4935
4935
4940
4944
4945
4945
4948
4949
4949
4951
4951
4951
4951
4951
4951
4952
4952
4953
4954
4954
4955
4955
4956
4957
4958
4959
4960
4960
4963
4965
4970
4971
4971
4972
4972
4972
4974
4974
4974
4976
4978
4978
4979
4983
4986
4986
4986
4988
4991
4991
4991
4992
4995
4997
4997
4998
4999
5000
