1
4
6
7
10
10
11
13
16
17
17
19
22
22
23
23
23
23
24
24
24
24
24
25
26
27
28
29
29
31
32
33
34
42
46
50
50
51
53
54
54
55
56
56
58
58
58
60
60
60
61
61
62
62
63
63
64
65
66
68
68
69
70
70
72
72
73
75
75
78
79
79
80
81
81
81
82
84
84
86
86
87
87
87
87
88
90
92
94
96
97
100
103
104
106
106
106
106
107
107
107
109
112
112
112
112
112
113
114
114
115
116
116
117
117
118
118
119
119
120
120
124
125
126
128
128
128
130
131
131
131
132
133
135
135
135
135
135
136
136
138
138
141
141
142
142
144
144
144
144
145
145
146
146
147
147
148
149
149
151
152
152
154
156
156
157
159
159
159
161
162
163
163
165
165
166
167
167
168
169
169
171
172
172
172
172
177
180
181
183
184
184
186
186
187
187
190
190
191
192
194
195
195
198
198
198
199
202
204
204
204
205
205
208
210
212
212
212
214
215
216
216
216
220
222
222
223
224
224
225
227
227
228
229
230
231
232
233
234
234
235
235
236
236
237
240
240
240
240
242
243
243
244
246
248
249
250
252
253
253
253
254
257
260
261
261
261
263
264
264
266
268
269
270
270
272
273
274
275
278
278
278
284
287
287
288
289
289
290
290
291
294
294
296
296
297
299
300
302
302
302
303
303
303
303
306
306
310
311
311
312
313
313
314
314
317
319
319
323
323
323
323
324
326
328
330
330
333
333
333
334
335
338
341
344
345
346
346
347
348
349
349
350
353
353
353
354
355
358
358
363
364
366
366
367
368
368
369
371
372
373
373
376
376
378
379
380
381
384
385
385
388
388
389
389
391
392
396
398
398
399
401
402
402
405
406
407
407
409
410
411
413
414
415
415
418
418
418
418
419
419
419
419
419
420
420
420
420
421
422
423
424
424
425
425
425
426
427
428
432
432
433
433
433
434
435
436
436
438
440
441
442
442
443
443
443
443
445
447
447
448
448
450
452
452
452
453
454
454
455
456
456
456
457
457
460
460
460
461
463
464
465
465
466
467
468
472
473
474
478
478
479
480
481
481
482
483
483
483
483
485
492
495
495
495
496
498
498
499
501
503
505
505
506
507
507
507
509
509
510
512
512
512
512
513
515
516
516
517
520
520
520
524
528
528
528
529
529
529
530
530
530
531
532
533
534
536
538
539
539
543
544
544
545
545
548
548
549
549
550
551
552
553
554
554
554
555
556
557
558
559
560
561
562
563
564
564
564
566
566
567
567
568
570
573
574
575
575
576
578
579
580
580
582
585
587
588
591
591
592
594
594
595
596
596
597
598
598
599
599
604
605
608
608
609
609
612
614
615
617
617
618
619
619
623
623
624
624
625
626
626
626
627
629
629
630
630
631
632
632
636
638
639
640
641
641
642
645
645
646
647
649
649
649
650
652
653
653
653
656
656
656
657
657
658
659
661
663
669
670
670
670
671
671
671
673
675
675
677
678
678
679
679
679
680
680
681
682
686
688
689
689
689
690
690
690
690
691
691
692
693
693
694
696
697
699
701
702
702
702
704
705
705
705
707
709
711
713
714
714
714
718
720
720
722
725
726
726
727
727
728
728
728
731
731
732
733
734
735
737
738
738
739
740
740
741
741
742
742
746
747
748
748
750
751
751
752
753
755
757
758
762
762
763
763
763
763
764
764
765
766
766
767
767
767
768
770
771
771
771
771
771
772
773
773
775
776
776
777
779
780
783
783
785
785
786
787
790
791
791
795
795
795
796
796
798
799
799
799
801
802
803
803
806
806
806
810
810
812
813
814
814
814
814
814
815
816
817
817
818
819
820
821
821
823
824
825
825
825
826
830
831
832
832
832
834
834
835
835
836
837
838
840
840
840
840
842
843
843
846
847
848
849
849
849
850
851
852
852
853
854
855
857
858
859
861
863
863
863
863
865
868
868
869
869
869
870
870
871
871
873
874
875
879
881
881
881
881
884
888
888
888
888
889
889
890
892
893
894
895
896
896
899
899
901
901
902
904
906
910
911
912
912
912
913
913
914
914
915
917
918
919
920
921
922
923
924
928
928
929
930
931
931
931
933
933
934
934
934
934
936
936
937
938
940
942
944
945
948
948
948
948
949
949
949
949
951
951
955
956
956
956
956
957
959
960
963
964
965
966
967
967
968
969
969
970
971
971
974
975
976
976
978
979
980
980
981
983
984
986
986
989
990
991
992
993
994
994
995
995
995
996
997
997
997
998
999
999
999
1000
