1
3
5
6
8
8
9
10
10
11
13
13
14
14
15
15
15
18
22
24
25
26
28
29
32
35
36
36
38
38
39
42
42
42
43
45
45
45
46
49
50
51
53
53
54
55
56
57
57
58
58
58
58
58
59
59
60
61
62
65
65
65
70
70
71
72
72
73
74
76
76
77
77
78
78
79
80
81
82
84
84
84
87
87
88
88
88
90
90
91
91
96
96
96
97
100
102
102
103
103
104
105
106
108
108
108
109
111
111
112
112
113
113
113
114
115
115
118
119
120
122
122
126
126
127
127
128
128
128
129
130
131
132
133
134
135
135
135
135
136
136
138
142
142
143
145
145
145
148
155
155
157
159
159
164
165
166
167
168
168
170
171
171
172
175
177
177
179
179
182
184
184
185
193
193
193
193
194
194
195
195
196
196
197
199
200
201
201
202
203
204
204
204
206
207
207
207
208
208
209
210
211
212
214
214
216
216
218
219
220
221
221
221
221
223
223
226
227
230
230
232
232
233
234
234
235
236
236
237
239
241
242
242
243
244
244
245
246
246
246
246
246
248
249
249
249
251
251
252
253
253
254
254
255
255
256
257
259
261
261
263
264
264
264
264
267
267
268
269
269
270
270
271
272
274
275
275
276
277
277
277
280
280
281
281
282
284
286
286
288
288
294
295
295
295
296
296
296
299
299
300
301
302
303
306
307
309
311
311
312
314
314
314
316
318
318
318
322
322
324
329
330
330
331
333
333
334
337
337
337
339
340
341
342
342
344
344
344
347
348
349
351
352
352
354
354
354
355
355
357
358
363
367
368
368
373
373
373
374
374
374
377
377
379
380
380
381
382
382
383
383
384
386
386
388
389
389
389
391
393
395
395
397
397
397
398
399
399
400
401
402
402
402
405
407
408
409
409
410
411
412
412
415
416
420
422
422
423
424
424
425
426
426
427
431
433
434
436
436
437
438
439
439
442
443
444
445
446
446
447
447
447
448
449
449
451
457
457
458
459
460
462
463
463
464
465
466
466
467
469
469
469
469
470
470
472
473
477
477
477
477
479
479
479
479
479
480
480
483
486
486
488
488
491
491
493
494
494
495
495
496
497
497
498
499
499
499
500
501
502
502
503
504
504
506
506
507
508
512
512
515
515
517
518
519
522
522
523
526
527
528
528
529
532
533
533
535
536
536
536
537
537
537
539
540
542
542
544
545
546
546
546
547
547
548
548
549
551
551
551
552
552
552
553
553
555
556
556
556
557
557
558
559
560
563
563
564
565
568
569
571
572
573
573
573
573
575
576
576
578
578
578
578
579
579
581
581
586
587
587
587
589
590
590
590
592
596
597
600
600
601
601
602
602
602
603
603
603
604
605
605
606
606
608
610
612
612
615
617
617
618
618
620
621
621
621
622
622
622
622
625
626
626
627
627
629
630
630
630
630
631
631
632
633
634
635
635
635
636
636
637
637
638
639
641
641
642
646
647
648
649
651
651
651
651
652
654
656
658
660
661
661
663
663
663
664
666
666
667
668
669
673
673
674
674
674
678
678
679
683
685
685
688
688
692
693
693
694
694
694
695
696
696
696
697
697
698
698
698
699
700
701
704
705
706
706
707
708
709
710
711
712
714
716
716
716
718
719
719
720
720
720
723
724
727
728
728
728
731
731
731
732
733
733
734
734
734
734
736
740
740
740
741
741
743
744
744
745
748
748
749
750
751
753
754
757
758
759
760
760
760
761
761
761
762
762
763
765
770
770
770
771
772
772
775
776
776
777
782
782
784
784
785
786
788
789
789
790
791
791
793
794
794
794
794
797
799
800
801
802
802
803
805
807
808
810
812
812
813
813
818
823
823
828
829
830
830
832
832
835
835
835
835
837
837
841
841
843
843
844
844
844
846
848
848
851
851
852
852
852
853
853
857
857
859
861
862
863
863
866
871
873
873
875
875
876
878
881
882
882
883
886
886
886
891
892
894
894
895
895
896
896
897
902
902
903
903
904
904
904
904
904
905
907
908
908
910
910
913
914
915
916
918
921
923
924
925
926
926
927
928
929
930
930
930
932
933
934
934
935
936
937
938
938
938
940
941
942
943
945
945
948
949
950
951
952
952
954
954
955
956
956
957
959
960
960
961
964
965
965
966
969
971
972
973
975
975
975
976
978
979
979
980
980
982
982
983
983
984
985
985
987
988
992
993
994
994
994
995
997
997
997
998
998
998
998
999
1001
1001
1002
1002
1003
1003
1005
1005
1006
1007
1007
1008
1010
1013
1016
1017
1018
1019
1020
1020
1020
1022
1023
1024
1028
1029
1030
1033
1034
1036
1036
1036
1043
1044
1045
1046
1046
1047
1049
1049
1049
1051
1052
1053
1053
1053
1055
1056
1056
1056
1057
1061
1062
1063
1064
1065
1065
1066
1067
1067
1069
1069
1069
1071
1072
1073
1074
1074
1074
1074
1075
1075
1076
1076
1076
1076
1077
1079
1083
1084
1085
1086
1086
1087
1088
1088
1088
1089
1089
1090
1091
1093
1094
1096
1097
1097
1097
1098
1099
1101
1102
1103
1104
1104
1104
1105
1108
1109
1109
1109
1114
1116
1116
1116
1117
1118
1118
1119
1120
1120
1120
1120
1123
1124
1125
1125
1127
1127
1128
1128
1128
1129
1129
1130
1130
1132
1133
1133
1133
1134
1135
1135
1137
1138
1139
1140
1141
1143
1144
1145
1146
1148
1148
1149
1149
1150
1150
1152
1152
1153
1153
1154
1154
1154
1154
1157
1157
1160
1160
1161
1162
1162
1163
1165
1167
1169
1170
1171
1172
1172
1173
1173
1175
1177
1178
1179
1180
1180
1181
1182
1182
1183
1183
1184
1184
1184
1185
1185
1186
1186
1187
1187
1187
1188
1188
1189
1191
1192
1192
1193
1195
1195
1196
1198
1200
1202
1203
1203
1203
1204
1207
1209
1210
1210
1211
1212
1215
1216
1216
1217
1218
1223
1223
1225
1226
1226
1226
1228
1228
1229
1231
1232
1233
1234
1234
1234
1235
1238
1240
1240
1240
1241
1241
1243
1243
1244
1245
1248
1248
1250
1251
1251
1251
1252
1255
1256
1257
1257
1261
1262
1262
1263
1263
1263
1265
1266
1266
1267
1268
1269
1269
1271
1271
1272
1273
1273
1274
1275
1275
1276
1278
1279
1280
1283
1284
1286
1286
1286
1287
1289
1289
1289
1290
1291
1291
1291
1293
1296
1297
1297
1298
1299
1299
1300
1300
1302
1302
1303
1304
1305
1305
1306
1308
1308
1309
1310
1310
1310
1311
1311
1313
1315
1316
1318
1319
1319
1320
1321
1321
1322
1325
1326
1327
1329
1329
1331
1334
1335
1336
1337
1338
1339
1340
1340
1340
1346
1347
1347
1347
1348
1348
1350
1350
1351
1351
1351
1352
1353
1354
1356
1357
1358
1359
1359
1361
1361
1361
1361
1363
1364
1366
1367
1370
1371
1372
1373
1373
1373
1376
1376
1376
1377
1377
1378
1379
1380
1381
1384
1386
1388
1389
1394
1397
1398
1398
1399
1402
1404
1404
1404
1405
1405
1405
1406
1407
1407
1408
1408
1409
1409
1412
1412
1413
1415
1415
1415
1417
1418
1418
1420
1420
1421
1421
1422
1424
1424
1424
1424
1425
1426
1426
1426
1427
1428
1428
1430
1430
1430
1432
1433
1433
1434
1435
1436
1436
1438
1440
1440
1442
1443
1443
1450
1451
1451
1455
1456
1457
1457
1457
1458
1458
1459
1459
1460
1461
1464
1464
1464
1464
1465
1466
1466
1468
1469
1469
1470
1471
1471
1474
1474
1476
1476
1476
1477
1477
1478
1478
1480
1480
1481
1482
1483
1484
1484
1484
1486
1486
1489
1490
1491
1492
1493
1495
1495
1496
1497
1497
1498
1498
1498
1498
1499
1500
1501
1501
1503
1503
1503
1504
1505
1508
1510
1512
1514
1514
1514
1515
1515
1517
1517
1518
1518
1518
1520
1522
1524
1526
1526
1529
1529
1530
1531
1532
1532
1532
1533
1535
1535
1535
1535
1537
1538
1540
1540
1542
1542
1547
1547
1547
1551
1551
1552
1553
1555
1555
1556
1558
1560
1560
1560
1561
1561
1561
1566
1566
1568
1568
1569
1569
1569
1570
1571
1573
1573
1573
1574
1575
1575
1576
1577
1578
1579
1580
1580
1581
1583
1584
1584
1586
1587
1589
1589
1589
1589
1590
1590
1591
1592
1592
1595
1596
1597
1599
1599
1599
1600
1600
1600
1601
1601
1601
1604
1604
1606
1606
1609
1610
1612
1614
1615
1615
1615
1619
1619
1620
1622
1622
1624
1626
1626
1627
1627
1628
1628
1629
1631
1631
1632
1632
1632
1636
1637
1638
1638
1639
1639
1639
1639
1642
1643
1643
1643
1643
1646
1647
1648
1649
1650
1650
1656
1660
1660
1662
1662
1664
1664
1667
1667
1669
1669
1670
1671
1671
1672
1672
1674
1674
1674
1675
1677
1677
1677
1677
1678
1678
1679
1679
1680
1681
1681
1682
1683
1684
1684
1686
1686
1688
1688
1689
1690
1690
1691
1691
1692
1692
1694
1695
1696
1696
1697
1698
1698
1701
1702
1703
1704
1705
1705
1706
1706
1707
1707
1708
1708
1709
1710
1714
1715
1716
1716
1716
1717
1717
1718
1719
1720
1720
1721
1722
1722
1723
1723
1723
1725
1725
1725
1726
1728
1728
1729
1731
1732
1732
1732
1733
1734
1734
1734
1735
1735
1737
1737
1737
1738
1738
1739
1740
1741
1741
1742
1742
1742
1742
1743
1743
1744
1746
1747
1748
1749
1750
1751
1751
1752
1755
1756
1757
1758
1758
1758
1759
1760
1762
1763
1764
1764
1765
1766
1767
1767
1767
1768
1768
1768
1772
1772
1774
1774
1774
1774
1774
1775
1777
1779
1779
1779
1780
1781
1781
1781
1782
1782
1783
1785
1785
1785
1786
1787
1787
1790
1790
1791
1792
1792
1793
1794
1794
1794
1797
1798
1801
1801
1804
1805
1806
1807
1808
1808
1809
1810
1810
1810
1810
1810
1812
1813
1813
1813
1814
1814
1814
1818
1820
1822
1823
1825
1825
1826
1827
1828
1829
1829
1830
1831
1831
1832
1832
1834
1834
1836
1836
1838
1841
1842
1843
1844
1845
1846
1848
1849
1853
1854
1854
1855
1855
1857
1857
1858
1858
1859
1860
1860
1862
1862
1862
1862
1862
1863
1863
1864
1865
1869
1870
1871
1871
1872
1872
1873
1873
1876
1877
1878
1878
1880
1880
1881
1882
1882
1884
1886
1888
1888
1888
1889
1889
1889
1892
1896
1898
1898
1902
1903
1903
1904
1905
1908
1909
1909
1909
1911
1911
1913
1913
1914
1914
1915
1917
1917
1918
1919
1921
1921
1923
1923
1924
1930
1931
1933
1933
1933
1935
1936
1936
1939
1939
1942
1942
1943
1944
1948
1949
1950
1950
1952
1953
1953
1953
1955
1955
1955
1957
1957
1958
1963
1964
1965
1967
1968
1970
1971
1973
1974
1976
1979
1981
1981
1983
1984
1986
1987
1987
1987
1988
1988
1990
1990
1992
1993
1996
1998
1999
1999
1999
2000
2001
2005
2005
2005
2006
2007
2008
2009
2010
2011
2011
2011
2012
2013
2013
2013
2014
2014
2016
2016
2018
2018
2020
2022
2023
2023
2024
2025
2025
2025
2026
2026
2026
2027
2028
2028
2028
2028
2032
2034
2034
2038
2039
2040
2040
2041
2044
2044
2046
2046
2047
2048
2048
2048
2049
2049
2050
2050
2054
2055
2055
2056
2057
2057
2058
2059
2061
2062
2063
2063
2063
2065
2066
2067
2067
2067
2068
2068
2069
2073
2073
2073
2075
2076
2077
2078
2079
2082
2085
2085
2086
2087
2087
2087
2088
2088
2091
2092
2092
2092
2092
2093
2097
2097
2099
2099
2100
2101
2101
2101
2102
2102
2104
2104
2105
2106
2106
2107
2109
2111
2111
2112
2114
2114
2115
2115
2116
2118
2124
2125
2126
2127
2129
2130
2130
2131
2134
2134
2135
2138
2138
2140
2141
2142
2143
2143
2143
2143
2143
2145
2146
2148
2149
2149
2150
2150
2153
2154
2154
2154
2155
2155
2155
2155
2156
2158
2160
2163
2163
2164
2164
2166
2166
2168
2169
2170
2171
2174
2174
2174
2175
2177
2180
2182
2185
2185
2186
2186
2186
2186
2186
2188
2189
2189
2190
2190
2193
2194
2196
2197
2198
2199
2201
2201
2202
2203
2204
2204
2204
2206
2206
2207
2208
2211
2211
2211
2211
2211
2213
2213
2214
2218
2218
2222
2225
2226
2227
2229
2229
2232
2232
2235
2235
2236
2236
2237
2239
2240
2240
2242
2244
2245
2246
2249
2249
2249
2249
2250
2251
2251
2252
2253
2254
2254
2256
2256
2256
2256
2257
2258
2259
2260
2261
2262
2262
2263
2264
2265
2265
2266
2266
2267
2267
2268
2269
2269
2271
2274
2274
2275
2277
2277
2278
2278
2278
2280
2280
2281
2281
2282
2283
2287
2288
2288
2288
2289
2294
2296
2297
2298
2299
2299
2300
2300
2304
2305
2307
2308
2310
2312
2313
2313
2314
2317
2317
2318
2318
2318
2319
2321
2322
2323
2325
2327
2327
2328
2330
2333
2336
2337
2337
2338
2338
2339
2340
2340
2344
2345
2345
2346
2349
2350
2350
2350
2353
2353
2354
2354
2356
2357
2358
2359
2359
2360
2362
2362
2362
2364
2365
2366
2369
2369
2369
2369
2369
2372
2372
2377
2381
2381
2383
2384
2385
2385
2385
2386
2389
2389
2390
2390
2391
2391
2393
2393
2394
2394
2395
2397
2400
2401
2403
2403
2404
2404
2405
2406
2406
2408
2408
2409
2409
2410
2410
2411
2411
2412
2412
2412
2413
2414
2414
2416
2416
2416
2416
2417
2417
2419
2420
2420
2422
2424
2424
2424
2425
2426
2429
2434
2436
2437
2439
2439
2439
2441
2441
2444
2445
2448
2450
2451
2453
2457
2458
2458
2458
2459
2462
2462
2463
2464
2466
2467
2467
2467
2468
2469
2473
2473
2475
2475
2477
2477
2480
2480
2480
2482
2482
2484
2484
2484
2484
2485
2486
2489
2490
2493
2495
2496
2498
2499
2499
2501
2501
2503
2504
2505
2505
2505
2506
2509
2511
2511
2512
2513
2513
2516
2518
2518
2519
2521
2521
2521
2522
2524
2524
2524
2525
2526
2526
2527
2527
2530
2531
2532
2532
2536
2538
2538
2542
2542
2543
2545
2545
2549
2552
2552
2553
2554
2555
2555
2556
2557
2557
2558
2559
2560
2560
2562
2562
2562
2564
2564
2565
2566
2566
2567
2567
2568
2568
2571
2571
2572
2574
2574
2576
2577
2579
2580
2582
2582
2582
2583
2583
2583
2584
2584
2586
2586
2588
2589
2589
2590
2592
2592
2592
2592
2594
2595
2596
2598
2598
2599
2600
2600
2601
2602
2602
2605
2606
2607
2609
2611
2612
2614
2617
2623
2623
2623
2624
2625
2628
2628
2631
2632
2632
2634
2634
2634
2635
2635
2636
2637
2637
2637
2637
2638
2639
2639
2639
2639
2641
2641
2643
2644
2645
2650
2651
2652
2653
2653
2654
2654
2654
2657
2658
2658
2658
2660
2660
2662
2663
2663
2664
2665
2665
2672
2674
2675
2675
2675
2676
2677
2678
2679
2679
2680
2680
2684
2684
2686
2686
2686
2687
2687
2687
2688
2689
2689
2690
2696
2696
2701
2702
2702
2702
2706
2707
2707
2707
2707
2707
2708
2708
2709
2709
2710
2710
2711
2714
2714
2716
2717
2717
2717
2717
2719
2719
2720
2723
2723
2723
2726
2726
2729
2730
2731
2732
2734
2736
2736
2736
2737
2738
2738
2738
2738
2739
2741
2741
2742
2743
2744
2744
2745
2747
2748
2748
2749
2749
2749
2749
2750
2751
2752
2754
2755
2758
2758
2759
2759
2760
2761
2761
2762
2763
2764
2765
2765
2766
2766
2766
2766
2773
2776
2777
2777
2777
2778
2781
2783
2786
2786
2788
2790
2795
2795
2796
2798
2799
2799
2801
2802
2802
2802
2802
2803
2804
2805
2806
2808
2808
2808
2809
2810
2810
2810
2810
2811
2814
2814
2815
2816
2817
2818
2818
2820
2821
2823
2823
2824
2825
2826
2828
2830
2830
2831
2831
2831
2835
2836
2838
2838
2840
2840
2841
2842
2842
2843
2844
2844
2844
2847
2848
2848
2848
2848
2849
2853
2853
2853
2854
2855
2855
2858
2862
2863
2863
2865
2866
2866
2867
2867
2868
2870
2870
2870
2871
2872
2873
2873
2874
2874
2875
2878
2878
2880
2881
2881
2884
2885
2887
2889
2889
2890
2890
2890
2890
2890
2890
2891
2891
2894
2897
2897
2898
2899
2902
2904
2906
2909
2910
2911
2911
2912
2912
2914
2915
2915
2916
2917
2917
2919
2919
2919
2920
2922
2922
2924
2924
2924
2925
2925
2925
2926
2927
2928
2929
2929
2930
2932
2932
2933
2933
2934
2935
2939
2940
2941
2942
2942
2943
2945
2947
2950
2952
2953
2954
2955
2958
2959
2960
2961
2962
2963
2963
2966
2966
2967
2967
2969
2970
2973
2974
2974
2975
2978
2979
2980
2981
2981
2982
2985
2986
2991
2991
2991
2994
2996
2997
2997
2998
2998
2998
2999
3001
3002
3003
3003
3003
3004
3005
3006
3008
3008
3008
3008
3009
3010
3010
3012
3012
3012
3012
3017
3018
3021
3022
3022
3023
3023
3024
3024
3024
3025
3026
3028
3029
3030
3032
3033
3034
3034
3035
3035
3036
3037
3040
3041
3042
3042
3042
3044
3045
3048
3048
3048
3050
3051
3052
3052
3053
3054
3054
3056
3057
3057
3057
3058
3058
3059
3059
3061
3062
3064
3065
3066
3067
3069
3069
3070
3070
3071
3072
3072
3075
3076
3077
3077
3079
3080
3082
3082
3082
3084
3085
3086
3086
3089
3089
3090
3091
3091
3091
3092
3093
3093
3094
3098
3098
3099
3103
3103
3104
3106
3108
3108
3109
3111
3111
3112
3113
3113
3114
3115
3117
3118
3119
3121
3122
3122
3123
3124
3124
3125
3127
3127
3127
3128
3128
3130
3132
3132
3134
3134
3134
3136
3136
3136
3137
3139
3140
3141
3142
3142
3143
3143
3143
3147
3147
3148
3149
3150
3151
3152
3154
3155
3156
3156
3156
3156
3157
3158
3159
3166
3169
3171
3172
3173
3174
3175
3176
3176
3177
3177
3180
3181
3181
3181
3183
3184
3186
3186
3189
3189
3189
3190
3191
3192
3193
3193
3194
3195
3196
3197
3197
3198
3198
3201
3202
3203
3204
3205
3205
3206
3210
3211
3211
3214
3214
3214
3214
3214
3217
3218
3218
3218
3219
3221
3222
3222
3222
3223
3224
3224
3224
3224
3225
3225
3225
3225
3226
3226
3227
3228
3230
3231
3231
3232
3232
3233
3233
3233
3235
3235
3235
3236
3236
3237
3238
3240
3240
3240
3242
3243
3243
3244
3244
3245
3247
3249
3249
3249
3249
3250
3252
3252
3255
3256
3257
3259
3260
3261
3261
3262
3262
3263
3263
3264
3264
3265
3265
3266
3266
3267
3267
3268
3270
3270
3271
3271
3271
3272
3272
3272
3273
3273
3275
3276
3277
3278
3278
3279
3280
3281
3283
3284
3284
3285
3286
3286
3287
3287
3288
3288
3290
3290
3291
3291
3293
3293
3297
3299
3302
3303
3303
3303
3303
3304
3305
3305
3305
3305
3306
3307
3307
3311
3313
3313
3314
3314
3319
3319
3319
3321
3323
3324
3324
3325
3326
3327
3329
3329
3329
3331
3331
3331
3333
3335
3337
3337
3339
3343
3343
3345
3345
3346
3347
3347
3347
3348
3348
3349
3349
3350
3350
3352
3352
3353
3353
3353
3354
3356
3357
3357
3357
3360
3360
3361
3361
3361
3362
3363
3365
3365
3366
3369
3371
3371
3371
3372
3372
3375
3375
3375
3376
3377
3377
3378
3378
3383
3384
3385
3386
3389
3389
3390
3391
3392
3393
3393
3395
3395
3396
3397
3398
3399
3400
3401
3403
3403
3405
3405
3409
3409
3412
3413
3413
3414
3417
3418
3419
3421
3421
3421
3425
3425
3426
3426
3427
3427
3429
3430
3436
3436
3438
3438
3441
3442
3443
3444
3444
3444
3444
3446
3447
3449
3450
3451
3452
3453
3453
3454
3454
3455
3461
3462
3462
3463
3465
3467
3468
3468
3468
3469
3470
3470
3471
3472
3472
3472
3473
3476
3476
3477
3477
3478
3479
3480
3481
3482
3482
3483
3485
3485
3486
3487
3489
3490
3490
3491
3492
3493
3494
3494
3495
3495
3495
3497
3499
3499
3499
3501
3502
3504
3504
3504
3505
3507
3507
3507
3510
3511
3512
3513
3515
3515
3516
3517
3521
3522
3522
3524
3524
3525
3525
3529
3529
3530
3530
3531
3532
3532
3533
3536
3538
3538
3540
3540
3541
3541
3542
3543
3543
3544
3545
3547
3548
3552
3552
3552
3555
3555
3556
3557
3558
3559
3559
3560
3561
3563
3565
3566
3568
3569
3569
3569
3573
3574
3576
3577
3577
3579
3579
3580
3580
3583
3583
3585
3585
3586
3588
3589
3589
3590
3590
3590
3591
3592
3592
3594
3594
3594
3595
3596
3596
3597
3598
3598
3599
3599
3599
3599
3600
3601
3602
3604
3605
3605
3606
3607
3610
3610
3610
3610
3613
3615
3616
3616
3620
3620
3620
3621
3623
3624
3624
3626
3626
3627
3627
3628
3628
3628
3628
3628
3629
3629
3631
3632
3633
3635
3635
3636
3637
3638
3638
3638
3639
3640
3641
3642
3642
3644
3644
3645
3649
3649
3652
3653
3655
3655
3657
3657
3659
3660
3665
3665
3665
3666
3667
3668
3669
3672
3672
3674
3674
3675
3675
3675
3675
3679
3680
3680
3681
3683
3684
3684
3685
3686
3687
3687
3687
3688
3689
3689
3690
3690
3691
3691
3691
3693
3694
3698
3699
3701
3702
3705
3705
3705
3707
3707
3709
3710
3710
3710
3711
3711
3713
3713
3715
3717
3718
3719
3720
3721
3722
3723
3729
3731
3731
3733
3736
3737
3737
3739
3740
3741
3742
3743
3743
3744
3745
3750
3750
3751
3753
3754
3754
3757
3757
3758
3759
3759
3759
3760
3760
3761
3761
3762
3762
3762
3763
3763
3763
3764
3766
3769
3771
3771
3772
3772
3773
3774
3774
3774
3776
3778
3778
3781
3781
3781
3782
3782
3784
3784
3785
3788
3788
3789
3790
3794
3794
3794
3795
3795
3796
3797
3799
3800
3800
3800
3801
3802
3802
3804
3806
3810
3810
3810
3810
3811
3814
3814
3815
3818
3819
3819
3820
3820
3824
3824
3825
3825
3830
3832
3832
3834
3835
3835
3835
3835
3839
3840
3842
3843
3843
3845
3847
3847
3847
3848
3849
3850
3850
3850
3851
3851
3852
3854
3856
3859
3861
3861
3861
3863
3864
3864
3865
3866
3867
3868
3870
3871
3873
3873
3874
3877
3877
3878
3879
3879
3880
3880
3882
3885
3887
3890
3890
3892
3895
3896
3896
3897
3897
3897
3898
3899
3903
3904
3904
3906
3906
3907
3907
3909
3911
3912
3913
3915
3916
3917
3917
3918
3918
3918
3920
3924
3924
3925
3926
3926
3926
3927
3927
3930
3931
3932
3933
3935
3936
3937
3938
3940
3942
3943
3943
3944
3945
3945
3945
3946
3947
3947
3947
3948
3949
3953
3953
3954
3955
3957
3959
3961
3961
3962
3962
3963
3964
3966
3966
3968
3968
3968
3972
3973
3974
3974
3975
3976
3976
3978
3980
3980
3981
3982
3982
3985
3985
3987
3987
3989
3990
3991
3991
3994
3996
3997
3997
3998
3999
3999
4000
4002
4003
4003
4003
4005
4005
4006
4007
4009
4010
4010
4010
4010
4011
4011
4013
4013
4015
4016
4017
4018
4019
4019
4019
4021
4025
4027
4028
4029
4031
4033
4034
4036
4037
4037
4037
4037
4038
4041
4041
4041
4042
4044
4048
4048
4050
4053
4053
4054
4054
4054
4054
4055
4057
4057
4057
4059
4059
4059
4059
4060
4060
4063
4063
4065
4070
4070
4070
4071
4073
4073
4074
4074
4075
4076
4077
4077
4077
4078
4080
4081
4082
4083
4084
4087
4088
4088
4090
4090
4090
4090
4093
4096
4096
4096
4097
4097
4097
4099
4099
4100
4102
4102
4102
4103
4103
4108
4109
4110
4112
4112
4113
4114
4115
4117
4118
4118
4120
4121
4122
4122
4124
4124
4125
4128
4128
4129
4129
4130
4131
4136
4140
4143
4143
4143
4144
4146
4147
4148
4151
4151
4151
4152
4152
4152
4153
4158
4159
4159
4163
4163
4169
4171
4172
4175
4175
4177
4178
4179
4179
4180
4180
4182
4182
4182
4183
4184
4185
4187
4188
4192
4192
4193
4195
4195
4197
4197
4199
4199
4201
4201
4203
4204
4205
4205
4206
4208
4209
4209
4209
4210
4212
4217
4218
4219
4221
4221
4224
4226
4226
4226
4227
4229
4231
4232
4232
4233
4235
4236
4236
4236
4238
4238
4238
4240
4240
4243
4245
4246
4246
4246
4247
4249
4249
4250
4251
4251
4251
4253
4255
4255
4255
4256
4256
4257
4259
4259
4262
4262
4262
4263
4265
4265
4266
4267
4268
4272
4274
4276
4276
4278
4278
4278
4279
4280
4283
4283
4285
4286
4286
4287
4289
4290
4292
4292
4293
4293
4297
4298
4298
4298
4299
4301
4302
4302
4303
4303
4304
4306
4306
4306
4306
4307
4310
4311
4311
4312
4313
4313
4314
4315
4315
4316
4316
4317
4319
4323
4323
4325
4325
4326
4327
4328
4331
4332
4332
4334
4337
4337
4341
4341
4343
4344
4344
4345
4345
4346
4346
4347
4347
4348
4349
4349
4351
4351
4351
4352
4352
4354
4355
4356
4356
4358
4359
4360
4360
4361
4361
4361
4363
4364
4365
4366
4367
4367
4369
4370
4370
4371
4374
4375
4375
4375
4376
4377
4377
4377
4377
4380
4380
4380
4381
4382
4384
4387
4387
4388
4390
4390
4391
4393
4393
4395
4396
4397
4398
4398
4401
4402
4402
4404
4404
4406
4407
4408
4409
4409
4410
4411
4411
4412
4414
4417
4417
4418
4420
4421
4424
4425
4425
4426
4428
4428
4429
4431
4431
4431
4432
4433
4434
4434
4434
4435
4435
4436
4437
4437
4437
4439
4440
4441
4442
4442
4443
4444
4444
4444
4445
4445
4449
4449
4449
4450
4450
4453
4454
4454
4455
4456
4456
4457
4459
4459
4459
4461
4461
4462
4462
4463
4463
4465
4465
4467
4467
4471
4471
4472
4475
4476
4477
4477
4478
4478
4479
4480
4480
4480
4480
4481
4482
4483
4483
4484
4485
4486
4486
4486
4487
4487
4487
4490
4492
4492
4495
4498
4498
4501
4501
4501
4501
4501
4504
4506
4507
4507
4507
4508
4508
4513
4513
4513
4514
4514
4514
4516
4517
4518
4518
4521
4521
4522
4522
4525
4525
4527
4527
4528
4528
4528
4529
4532
4532
4532
4533
4535
4535
4535
4538
4538
4539
4539
4540
4540
4540
4540
4540
4541
4541
4541
4542
4542
4543
4543
4543
4543
4544
4545
4546
4546
4546
4547
4547
4548
4550
4551
4552
4552
4553
4553
4558
4559
4560
4560
4560
4561
4563
4563
4565
4565
4567
4570
4571
4571
4572
4572
4574
4574
4576
4576
4577
4578
4579
4580
4581
4581
4581
4581
4582
4582
4585
4586
4586
4588
4588
4589
4589
4590
4590
4591
4592
4592
4592
4598
4599
4600
4601
4604
4606
4606
4606
4607
4607
4609
4610
4610
4611
4611
4611
4612
4613
4613
4614
4614
4615
4616
4617
4619
4621
4621
4623
4623
4623
4624
4624
4625
4626
4626
4626
4627
4628
4630
4631
4632
4634
4635
4637
4638
4639
4639
4642
4643
4645
4646
4646
4648
4648
4648
4648
4648
4648
4648
4649
4650
4654
4655
4656
4656
4656
4657
4658
4659
4659
4660
4660
4661
4665
4665
4665
4668
4672
4673
4675
4676
4676
4676
4678
4678
4679
4679
4679
4680
4681
4682
4683
4687
4687
4689
4689
4690
4692
4692
4693
4694
4694
4697
4700
4700
4705
4706
4709
4710
4712
4712
4712
4712
4712
4712
4713
4713
4714
4715
4715
4716
4716
4718
4718
4719
4722
4723
4724
4724
4727
4727
4728
4728
4729
4730
4731
4732
4734
4735
4735
4735
4737
4738
4740
4740
4740
4740
4740
4741
4741
4741
4743
4745
4745
4747
4748
4748
4749
4749
4750
4751
4752
4754
4754
4754
4756
4757
4757
4761
4762
4763
4763
4763
4764
4765
4765
4765
4766
4768
4768
4770
4771
4772
4773
4775
4775
4776
4777
4779
4780
4781
4783
4786
4789
4789
4790
4794
4795
4796
4797
4797
4797
4798
4799
4800
4801
4801
4801
4801
4806
4806
4808
4808
4811
4811
4813
4814
4814
4815
4816
4817
4817
4817
4819
4819
4820
4820
4822
4824
4825
4825
4826
4827
4828
4828
4830
4833
4834
4834
4838
4838
4840
4841
4844
4844
4846
4847
4848
4850
4850
4854
4855
4855
4855
4855
4855
4856
4856
4857
4859
4859
4862
4862
4863
4863
4864
4865
4867
4868
4868
4869
4870
4871
4871
4871
4873
4874
4875
4876
4877
4877
4880
4881
4883
4883
4885
4886
4886
4887
4888
4889
4889
4891
4891
4891
4892
4893
4893
4893
4893
4894
4895
4895
4896
4897
4898
4900
4901
4903
4903
4904
4904
4906
4909
4909
4909
4912
4917
4918
4919
4920
4920
4921
4924
4925
4927
4931
4931
4932
4933
4934
4936
4936
4936
4937
4937
4938
4939
4939
4939
4939
4940
4941
4942
4943
4943
4943
4947
4950
4952
4954
4956
4957
4959
4959
4960
4960
4962
4964
4966
4967
4967
4967
4967
4969
4969
4969
4972
4973
4974
4975
4975
4977
4978
4979
4979
4979
4982
4983
4983
4984
4984
4985
4986
4987
4989
4989
4990
4990
4991
4992
4994
4994
4995
4995
4996
4996
4996
4997
4997
4997
4998
4998
4998
4999
4999
