4656
3199
8905
5124
998
2882
4266
778
4375
5492
1272
1147
5034
8266
124
5628
3441
1163
1672
3245
7561
8501
3502
4506
814
721
8339
5850
5849
4618
1613
6860
9202
7558
1301
3628
1889
361
5513
8482
6846
9141
9811
376
7615
7320
7894
1029
7343
3576
7324
7917
9035
8251
970
3694
771
806
8679
3653
2711
3270
861
1242
7725
9421
3326
4642
8440
608
7231
9533
985
4581
2245
154
1865
6316
8978
9301
3072
23
4316
5252
7459
6019
2493
9068
20
4716
9008
3655
3625
5423
1513
2822
8795
3959
4927
6657
2863
8937
581
3018
5136
8684
5289
5757
4653
8328
9751
744
9051
6030
2539
7151
3864
4040
3905
9694
8139
1615
2150
6109
9140
6900
5508
4297
9672
7194
1825
2810
7653
8979
5859
3419
8828
2576
6778
9449
4489
9391
5711
7705
3017
7691
1250
3120
2067
3546
2302
1765
2404
4849
8036
6126
3756
2489
235
8653
7416
8029
902
9871
193
2232
3553
4844
1145
6769
6123
7579
4965
693
6756
6646
6622
4046
3616
5321
2328
5340
9584
3131
4513
8286
9611
6594
7771
3212
3450
2967
7172
2602
6172
7286
9067
955
9697
9813
8246
3570
3176
4268
7427
3125
9782
9612
424
5984
1673
5504
1356
9347
6581
631
9838
7439
4502
6438
8771
4221
9846
8155
8778
4090
1884
2751
1752
7091
7508
3491
3726
7932
4313
1563
1289
3817
173
8516
5342
7791
8511
1329
6932
4369
491
1501
2436
7466
1155
8740
4758
1535
7455
8344
3094
92
6339
8590
7499
7076
322
7215
2001
7325
7114
9729
7612
8392
3507
9069
1410
6442
607
2044
1404
4450
3032
725
743
1858
8878
9098
2558
2900
3691
6765
7683
4326
2914
7309
9705
7637
4733
1067
9321
8364
8369
7548
1011
5287
9966
1078
6699
2100
3564
4331
2433
4962
5285
4648
6127
1966
3433
4597
9137
161
9549
3490
9727
8504
4014
5839
3174
9858
8577
9203
187
6032
2146
2606
940
7184
7454
737
8932
6410
413
1844
5042
9016
1456
4547
6066
6640
5998
7152
7981
1416
6460
5824
7751
5925
5883
6241
4027
8342
5657
8551
2062
6025
5255
1196
6104
3580
9120
7592
9620
5139
8138
4187
9112
6184
1506
9181
1570
2278
2581
6009
4311
4675
5855
3620
1390
2479
8021
7598
9757
9095
7812
2118
2102
5076
9520
1784
3149
3368
9324
9975
9704
9049
3308
5370
4824
1741
6393
3774
2745
3852
5263
2185
9666
6115
9015
68
9648
815
859
5497
6017
3503
6549
1099
9166
8695
5394
1143
5261
5704
3646
733
7980
294
6369
9682
8987
2547
3484
3767
4241
5610
6802
1347
2225
7228
9063
7906
1060
1381
6308
7846
5847
4219
9539
19
1320
1279
9302
8141
6273
6681
7668
115
7826
6014
1915
8655
3781
4372
2212
7845
3739
2268
4568
6947
8017
545
3796
9361
8206
5826
7366
5944
3737
3647
3516
7869
3909
4643
7875
8665
8800
3876
1321
5346
6498
2500
1026
6276
1311
2384
3719
8034
5196
8016
840
2449
7099
7049
1234
2831
3278
6810
5003
9101
2308
2039
8758
7810
7163
368
12
1208
6960
4644
5886
1309
4129
2326
9190
4706
5676
1213
5740
3454
6169
9155
8798
7360
910
618
6362
5226
993
7460
213
2789
1803
4845
3760
2194
2758
3644
2703
8553
6825
3536
3274
4946
3126
5696
2727
7979
9124
5538
8572
2429
171
9969
2752
7492
9354
7372
7369
6198
7530
7833
3354
622
2301
5784
4763
3004
4374
5878
2103
65
989
5536
8863
790
7316
4256
1658
5022
2388
9248
4574
8321
6254
4216
336
4340
7773
5557
4650
6844
2766
5326
9567
7256
4948
8244
9952
4874
7604
5742
8354
4147
9070
6540
1101
707
3062
6682
1287
8469
7339
2171
7268
9118
6987
8081
6874
8176
3902
8007
6703
957
3958
3979
8830
1937
4496
8813
3743
6406
6106
5868
6829
4288
4976
2513
3764
9745
4414
8180
6294
1048
3469
5550
3918
524
956
5875
6514
3424
9463
6195
799
7819
4015
1354
3493
1702
9716
6090
6953
555
7134
650
9272
3209
1091
3797
7261
7967
9121
3975
6404
4639
670
24
1625
5089
1529
4592
7381
7415
9223
934
9786
2487
2853
4236
4395
4275
3107
6475
1495
2677
6499
9734
2104
9110
7895
2310
8741
4413
3356
8748
6461
3757
701
4725
6618
629
9855
7335
9066
3663
6929
8513
5007
7701
85
9573
3672
1042
8725
6361
5222
7912
4565
7411
7552
4862
3741
4613
3584
439
286
5486
7730
9489
1843
5528
5011
2656
9064
6181
7881
4707
2630
1144
9657
476
8580
1375
9485
333
8159
1148
5533
2417
9825
7128
7889
7861
5641
9163
5921
6558
5616
1819
4756
409
1452
103
2874
651
3128
9429
9565
7587
7806
9667
3211
1432
1821
5457
571
796
5414
4730
4680
5322
917
9337
5284
7472
2929
3614
255
3558
3106
4596
8644
7226
6095
5506
4181
6061
7629
3956
8131
1055
5574
8529
9333
3316
8430
3911
3061
1723
1967
3598
9628
5700
1098
1402
8717
6353
4727
6421
7878
7277
2782
1856
7910
4367
8594
3114
1304
5426
7991
933
9891
8559
6685
5772
4436
5790
8882
5249
6702
6741
5265
5356
2747
6069
9980
6387
1417
1660
1295
6229
7539
4410
324
3838
5299
5779
3542
1575
4997
1113
3791
7559
2344
5266
30
7183
9310
8240
9609
9304
2409
5337
9828
3735
8267
1426
5583
4818
5147
4792
1405
3967
1946
6417
6199
6223
6116
7838
1833
242
9108
3261
4332
8890
9746
7300
1836
9215
5645
1012
1919
7781
1362
9791
5338
7591
8042
8534
7332
3560
9836
6775
999
5458
7520
2028
4000
3942
2788
6572
6423
6333
8013
4910
3627
8774
5735
8041
803
9978
1930
8444
206
1941
7768
7911
874
3234
272
3897
2078
4302
3893
9055
8849
5119
1154
8732
5858
3362
2815
2746
8352
9582
4688
5251
9631
7379
789
3285
2849
8468
8550
570
1063
2636
6516
5639
5019
9493
4022
5372
8312
3693
8231
151
2603
3088
8646
5014
3650
9205
8948
2552
4160
7473
3263
7758
6550
7625
4421
5768
8675
7267
260
1725
797
300
2337
8329
6078
9117
1709
6484
7782
7549
6661
5640
5445
7836
3766
7702
6684
5623
2236
6839
4645
7715
4154
1788
5781
273
7853
9683
3060
6218
1509
4203
2612
295
8712
7568
34
7222
7118
2765
1851
6363
3411
6979
5174
4201
6209
9466
9607
7757
6088
8053
9390
9107
852
7192
3709
7357
3665
6034
7867
1569
9619
9130
3816
1774
6085
6414
8908
7434
6627
4649
7839
597
8383
5075
8245
1186
9596
6039
9293
6838
9809
9835
2715
1422
8360
1415
9438
6884
1474
4974
3098
1241
7200
7650
2402
1092
8801
8346
9349
377
6611
8874
4253
3453
3297
1153
4183
6602
2197
3865
3323
4361
2066
995
4186
4615
1514
5471
3135
7358
9503
3412
7072
8530
1568
1469
7139
8204
3417
4544
2996
3081
8268
5311
8683
4673
1451
2984
1338
1096
2663
7175
6634
7088
2950
2702
5801
7884
1484
4168
3525
7409
9812
3827
3849
4488
4896
8788
7370
3192
3191
5254
5432
5433
5123
2119
8595
1175
3360
2222
4748
594
6412
1222
2528
9555
2139
2992
6177
8326
7672
2699
7355
2200
366
9297
8536
341
7132
2035
5529
2169
390
7924
804
7831
5473
1058
4099
2363
880
1977
9235
6573
900
8585
6346
7123
4780
869
8358
9339
3096
3569
4267
8126
4842
6219
8309
950
9204
9907
2507
1887
4507
9359
7526
4287
3312
1181
9317
1904
1207
172
5116
5291
5825
6711
5309
5099
2244
453
751
7732
5877
4386
9318
9664
3434
207
54
1030
3498
4834
2737
7865
3468
1057
6546
4930
9178
4390
5514
1749
8144
5663
64
9649
1799
3994
6257
816
9826
7400
5715
5549
6651
7271
2824
1350
2299
3320
5664
9560
633
440
7420
2856
7698
7766
9955
9479
2092
6794
895
2007
8242
4755
2942
2060
3934
8889
3221
7545
3711
6591
7963
5829
2457
7778
2659
2220
8814
2400
6086
3129
1820
6342
7218
3253
8443
8457
6226
6655
3778
3476
4800
5301
6728
353
3045
4041
4149
153
7094
471
5597
4301
824
4667
1515
7376
8744
2401
447
3112
2740
95
9963
4404
3092
5778
8630
8073
5986
6707
3859
4559
954
2492
3444
517
1593
5216
8600
2434
8537
1891
1724
1223
2712
344
2904
1719
6913
8294
5470
9768
6527
8447
4078
9748
533
6596
3772
8657
6631
9253
7943
5899
1129
8077
7960
9224
9211
5981
5522
4329
99
9750
9877
4905
4429
385
5969
3761
8722
543
588
170
9971
190
4990
6783
512
4276
9642
7462
8750
8350
7985
2428
7941
6324
3455
6969
5483
3327
9735
3539
2938
4055
4833
5198
3041
4338
4877
4047
625
6296
3872
8969
6580
2862
1182
2542
1488
5171
4726
1162
1624
4839
6256
9281
9090
9096
5351
4262
2978
3971
268
6507
4295
3143
907
1814
6821
4220
1258
2508
4843
352
8507
5765
5501
8105
1441
9028
9806
6481
3527
6163
768
9740
8452
5041
296
1041
2123
1768
6877
2624
3451
495
8563
2081
7270
2981
936
5799
3399
7103
6108
3132
5162
9965
526
2858
3718
2445
2335
8589
3828
7682
6635
5965
6497
7241
1261
5541
7536
4104
777
1269
6848
1663
1363
1453
4370
931
475
4135
9440
9794
5021
1263
7234
5179
1595
1000
1968
2509
3771
3329
2443
2327
4899
5729
8532
8265
2570
249
3537
458
3899
4237
4342
4405
8301
2181
6954
3915
3080
2361
2013
6598
6705
2073
9925
8975
9058
5902
2098
3279
3384
4549
5262
1368
6869
5318
3811
6284
6311
2373
7436
5225
7402
7975
8866
4312
8915
8583
5563
6020
3266
3497
1555
6479
1087
6689
1238
7533
7290
6240
6881
7739
7850
3047
661
3442
6958
8421
8921
9644
547
3392
5650
1480
3208
7414
6632
7157
1550
911
1938
2464
3980
2855
8790
2431
3013
3758
1849
3157
6213
1733
7736
1704
5995
6669
2889
3147
504
7854
3861
7375
5177
6944
3622
7989
3256
264
6738
5930
7398
5163
3283
9460
8981
3716
1614
7557
6879
7069
586
5480
6717
8446
2419
1077
8119
4377
6474
7528
51
8844
7596
8170
8691
9637
8209
7109
3241
5228
9192
277
5339
5344
9884
8226
4461
3123
3806
3792
9831
4920
1345
2784
5283
5320
1874
1847
3851
9386
4996
1795
3813
8769
6187
991
8026
7129
4356
6185
8307
9985
6191
265
5354
6836
8478
6323
1492
573
623
7563
6416
8907
6001
4823
694
8944
9384
3871
4940
1549
8962
7024
1126
4947
3439
6729
8723
7243
8799
9033
9370
4616
857
8592
1428
4701
2559
6266
6265
1353
3820
9723
356
2354
7696
7043
1010
1142
3076
602
5658
1873
1686
4184
2590
6536
1948
3803
8371
8549
7795
500
9331
9041
1285
1782
7092
6820
6274
9910
1232
7012
7359
7011
9102
5181
4975
4049
1463
8164
7022
437
523
480
5512
8715
5787
2637
3036
3858
7873
2158
6119
3286
7380
6113
3873
6542
7595
2848
5648
4479
2946
3682
3220
3998
6725
4152
6434
4530
5972
2613
3657
3609
6945
2809
48
7593
8009
2131
6998
9513
7388
6973
3117
8610
8080
7631
6415
7607
1273
8235
2446
4960
9257
7830
9616
7886
4005
2567
8827
8841
8418
2604
4607
1943
3369
6818
4552
3819
1071
4744
7728
9314
9233
3300
4120
5244
8843
8035
3393
1661
5122
2771
7670
2024
9777
1150
2135
7626
9691
2857
7263
1097
5130
1331
9594
9325
7986
2037
7247
9478
3150
9344
7443
3513
7517
216
8709
5718
2474
5992
4425
4924
5188
6093
4695
2575
9007
5264
3194
2704
8330
1499
212
2303
7877
8074
6811
2886
8493
3607
2364
8142
319
2259
7413
652
369
8334
4462
6312
345
7628
4141
4178
9516
5377
1963
3853
6938
1618
2407
6885
4339
7847
7978
808
6628
2059
3257
5927
5572
5229
4872
4806
1772
8958
3465
9258
9676
4252
7643
5794
6301
9875
4476
6828
1729
2430
878
3314
2682
3358
5215
1210
4981
2817
8674
2227
8943
5758
9770
6038
2205
2437
646
896
2841
8587
5531
2676
496
8224
5000
1490
9157
3292
2347
9796
4687
169
7349
5544
2868
8917
2350
5273
7748
1459
4771
5478
438
4508
8567
9879
284
6556
7990
8085
7954
3720
7422
4004
8228
6003
6050
8273
2014
8296
8028
2761
5379
5032
8692
5755
5190
9548
4379
3708
2385
4074
5654
8931
7039
342
7815
6453
9364
365
9589
4364
5328
8223
7397
6569
110
1069
3519
3173
2876
4749
7052
1834
4988
8189
6298
8395
1341
5082
1438
8428
3626
6509
2203
4157
5485
7767
4573
1340
3378
833
4428
6991
2408
4341
5649
1667
9860
2555
3603
2026
6956
6894
379
8686
9443
700
1763
2927
3258
8192
5904
645
7122
6445
5818
4098
7605
1793
1740
6815
7317
6625
5776
1173
8609
1662
692
8839
9731
410
8950
2415
5554
5613
4271
1470
8706
5709
3880
9240
8100
4638
188
9851
4566
9309
2783
5744
5539
5315
5303
9958
1062
8857
8366
8453
1880
4150
6245
8061
9282
6100
1245
2266
9123
3039
4164
6786
2180
8019
7198
6028
9864
2535
1773
8625
2580
4208
4941
4952
156
6220
1690
9702
8165
9451
9701
5092
9870
8187
9026
9127
5865
3264
1358
2296
3710
1888
1059
1430
5040
515
7334
4140
5897
4138
6351
6402
1408
810
6282
6613
6183
234
1326
4583
7384
1583
2956
1199
3012
6444
8522
8747
9180
380
1992
2969
3780
3577
3701
4934
452
9670
8393
9085
5495
9345
7482
711
9529
4926
261
6372
9221
3478
2748
6791
3624
913
876
8972
7278
912
6696
7807
8210
4289
2114
9336
5575
8880
3391
4117
8120
386
8115
6000
575
8374
605
3552
4582
1227
2074
9528
7636
4813
4317
4831
3187
5051
9230
9299
5983
5860
8930
6922
4765
5870
8420
1736
334
7918
3736
6871
8963
6270
7018
9089
2692
3965
2360
4848
4937
9216
5577
8167
6582
6122
4006
8993
552
3941
3738
4541
1111
3198
4133
7321
8275
7073
6575
6329
830
6847
7641
9286
2375
1140
1088
3379
9254
8205
6156
3310
1373
8989
7040
134
4409
6134
8063
9179
8162
3164
544
4260
5043
3953
2708
9311
8667
7065
6083
2064
4052
691
9655
2726
635
5135
4949
8634
3026
7648
4876
6660
3456
5366
7483
2728
1668
9807
4139
3802
9953
5387
8110
7661
1561
2234
101
3289
7002
9201
4011
4174
3639
2048
6644
4144
6724
7731
8318
8505
7727
1386
9538
3586
10
1785
9633
2670
1322
2949
2367
9795
9353
9428
9720
9401
724
5257
2772
9242
9909
136
7047
8070
669
2626
2735
364
5697
301
9247
2163
1218
2226
2082
944
1512
805
1045
1215
1
9084
7205
9422
1447
6899
7126
7640
8945
1711
4389
8881
8974
7904
7054
1355
525
8400
3153
7464
8151
468
1926
4529
9322
5121
8562
1383
8701
3085
6812
6304
6097
132
6951
1894
8900
8927
9501
3869
2239
2145
5643
9183
4012
8737
9543
6967
1589
7188
5197
3
1264
4556
6233
8410
5915
3547
5679
2003
2293
8283
2629
1385
7108
9153
9420
9881
6338
3518
1619
7620
450
6044
6419
3042
3219
5545
4558
4073
5319
4447
4627
9916
3319
9417
1156
435
7936
6662
8687
6857
297
8438
3522
2251
7169
747
8399
8689
497
5982
9142
5503
8466
8195
7746
1855
9957
7474
9762
5004
3105
1800
5103
8465
8293
381
5239
6880
4897
7448
8669
2207
3610
5631
4936
9034
3402
7581
3260
8190
1467
2909
4277
3495
2957
3669
2518
1395
9001
6080
1021
8376
8509
8983
5211
7790
1869
5559
2272
9399
2615
1811
6098
2105
2155
7848
405
8570
502
7948
5297
1942
2368
2944
4217
1914
4131
3400
7921
3606
8959
3182
1298
577
5727
2797
2586
2680
8649
6326
2012
3203
8676
3939
5071
5209
9684
2077
8037
2700
4509
2654
4274
4119
4761
8527
7956
8313
6888
1133
4182
8544
1149
1738
1307
4209
7735
325
3249
6948
6289
2928
7969
142
8850
568
5588
1160
4608
4916
9082
3769
3440
7885
561
90
3345
8303
3366
6007
3388
6633
5722
6117
5782
5100
2800
9228
638
9650
6310
1913
5477
2506
2422
4980
189
9177
9962
3477
6612
7028
1786
4757
1903
8084
5001
7000
9243
1897
2286
9719
6179
2977
8067
3775
8752
2517
227
5126
1137
2140
1189
4888
5069
3515
732
5312
6926
5923
3403
9579
6238
8153
6389
4699
8591
1804
8325
408
9294
5212
1233
9313
2935
5272
7212
870
1461
5125
9640
4246
5815
7326
5290
7862
1623
6466
1928
877
2068
427
6974
4434
8456
4293
1115
7920
6056
3370
5459
2120
4454
2562
9405
9494
3156
3906
8836
8087
2861
6317
3404
2833
2095
2730
2721
6133
3144
483
6143
6439
8928
7424
93
9722
9933
925
3514
9883
3000
720
5080
3500
8381
5672
4522
1348
1290
8001
2196
2757
6334
5443
8641
1188
9209
4280
5343
4075
9086
8417
6841
8869
228
6957
5689
6264
3471
4381
636
2058
962
2501
6691
7165
5507
4740
6354
7519
78
3692
8243
5694
5112
4898
6693
8186
749
274
8576
786
6804
3615
9308
5644
2658
8348
197
8947
4354
6424
2557
4703
1460
2297
7064
3683
8816
7498
4051
9535
2175
3999
9270
3700
5085
1434
7143
6250
8327
214
3928
9306
6831
5714
2807
6366
2755
8873
5278
1808
1312
2742
2137
8471
4534
8754
7264
394
7007
31
8976
3925
362
2948
4290
4967
2488
398
9639
8525
7856
9017
8424
5660
5987
1643
3987
8056
6626
9303
6742
923
4008
3200
9106
9518
7203
9940
3250
182
1693
395
8295
2990
16
3396
9707
2273
112
2032
1675
793
9498
9765
2743
7217
8171
5435
3645
7171
6349
3574
1468
3084
7658
838
1770
2532
7656
1316
7899
4925
148
5535
6767
2083
7733
5777
2042
1958
2159
388
6950
8232
4775
62
5862
4400
6700
1138
2322
9514
8331
6211
5548
7543
5150
2582
3744
5706
8125
8487
5578
5996
5195
9954
9492
6322
5620
8699
1043
6167
6306
5302
9797
5685
8416
2583
9861
8
9608
4817
9837
4306
7391
3413
7084
9747
7923
8867
8809
9638
9380
5659
8129
5227
760
6560
5360
2381
3353
4231
9766
5673
2261
3387
1974
6680
7138
8123
2312
320
4958
908
7053
7734
794
675
4859
2617
3178
5025
9083
7934
2854
3205
105
7666
7937
6037
2294
9274
1237
5803
3377
4368
659
1964
2510
2473
4928
1837
8078
8761
8160
953
141
8696
8156
7111
1027
133
1688
2812
4493
1564
8495
7262
9081
1283
1013
4167
2768
9105
6136
1135
312
5946
4349
6077
250
4860
6715
1465
5555
1019
3252
2974
1666
4721
6252
2279
4249
5448
5873
6340
3690
7187
1886
2450
9217
5537
5721
2049
9866
1893
3436
6826
8090
1695
9476
6755
4101
7554
8995
2550
5863
6584
1683
199
1313
5594
4351
1471
4561
122
3697
8564
686
9741
2551
1400
7046
9537
8278
5817
9455
224
2689
5231
8479
4061
3788
114
4634
1685
4604
5916
4985
204
3961
4037
7361
5823
1116
4442
3079
7769
4025
8618
4535
3294
4895
1559
1083
2798
8199
4328
1826
8181
3044
2953
7006
7870
8065
6601
862
9441
9874
8766
7506
4071
5591
4892
1722
9450
8222
6330
5429
7225
8179
9624
899
1481
338
4352
2467
1609
2679
2201
5376
8109
487
4175
3705
8182
1990
7097
7759
4470
3924
5193
1957
2282
5708
4362
1866
2038
626
9484
6835
8623
8197
5057
3608
4796
1496
7477
251
4292
2905
3517
1645
5731
8069
6567
560
2918
9502
3002
8178
327
7282
1291
9785
2887
1522
3295
7176
3315
1605
5047
9592
9995
2423
2595
3334
7273
6168
2592
4330
5405
1516
6672
3416
6908
443
9030
275
7965
8545
9572
6454
9280
1262
8611
8481
5888
6837
5189
3810
3677
1109
2690
6364
3238
7802
820
9987
1766
7257
6568
4298
5243
9150
3689
2341
5912
4042
4408
8486
4198
8291
2524
2369
5569
7221
8770
5564
7204
4383
7371
2818
6242
1759
1862
9316
2179
2878
9259
9652
1895
5622
2616
4954
4623
4512
7747
1691
5517
2764
812
9632
6664
4415
7146
1936
2774
7035
8832
2964
8942
8398
1809
6916
7784
520
7993
8926
8602
5345
9527
5146
9829
2819
7170
6868
7930
9680
9113
3431
6021
9673
960
2107
3383
9111
3083
1165
2483
2925
5634
8239
6673
6764
244
4398
6381
901
5764
863
8099
2678
6212
1377
6144
8746
7813
8277
6186
2281
3099
8789
9541
2672
3664
1246
7356
6012
7036
6314
6392
2230
4123
2707
2988
6776
9932
9435
6763
1118
6228
8819
604
2940
8470
5399
5268
5192
5510
8093
5627
7765
9771
6788
937
5922
3821
3554
113
4964
1024
331
4712
3206
9188
4003
2127
2750
7471
1249
8148
282
7562
1372
8143
1346
3058
456
6936
5837
3881
5173
975
9912
7721
8299
9509
8319
5333
5219
1256
5737
1333
7540
6162
3035
8554
4335
8193
7939
1508
4177
8860
6754
8391
3408
2056
1681
4424
4195
7697
3113
1108
7404
4866
6041
5476
6409
7510
4767
6942
7753
1367
3452
4485
1780
2050
8373
6923
8101
91
4111
7162
5456
883
9525
3631
8812
4244
6553
2731
5691
6411
7497
1562
8820
3463
8089
3800
6986
509
2478
8285
7085
2324
8753
2228
5568
9641
7504
3969
6151
9914
9689
8188
4192
718
2154
9458
1989
4250
2503
6906
7955
2365
506
8136
9206
7597
7609
927
3685
1627
6450
9920
683
9847
980
7897
1244
4878
3888
1737
3302
8780
8168
8773
3336
9335
7220
7891
982
7713
52
9566
8759
8512
5844
6872
2705
4570
654
1221
163
3702
9840
4588
3528
8539
1998
7
5705
5494
3483
5609
1191
2985
5152
1628
6224
7083
1727
3134
9342
1985
1876
1789
1713
4557
2645
6373
1391
5579
2952
8415
9482
9400
1050
5805
6315
7182
1953
329
7344
1332
2931
8423
9887
2242
7544
4935
510
1039
9372
3172
9585
6101
6855
6939
382
5159
1999
2903
8756
75
8906
8555
7521
9979
5323
8826
2260
3985
4713
1337
8216
7762
9992
1076
1604
6743
2284
6048
4847
2087
6503
5070
8107
6132
592
4419
7864
821
660
2825
4378
6253
9561
125
2725
6615
4567
2729
9714
7834
3022
7681
8322
8018
6355
7082
4633
1532
4991
9398
6473
8711
1854
4563
9790
2475
1734
2309
4580
4572
7586
6107
9135
150
288
864
7716
66
3641
8127
1602
5068
6510
1649
6492
1712
6055
684
5924
5974
3860
5810
8030
574
3789
1493
6687
9927
8782
2640
3486
5793
3765
7026
4269
6087
6875
7633
3894
2231
2912
2736
2399
8357
7013
3202
3183
616
519
6251
7584
5074
5601
328
8132
9816
4540
9323
3699
1853
3028
2943
444
7720
9340
6806
2675
3373
9937
4191
8797
349
1777
6792
8317
3511
9014
2525
8847
1379
529
8298
2838
3833
837
7255
7645
9289
5235
7942
1791
9857
5271
5565
9011
3063
1476
2186
4871
1225
1944
210
9432
7121
4161
1280
4858
3674
3306
2379
7801
3713
7008
4247
5807
3225
516
1166
2051
6506
9343
4571
3367
8637
5048
5561
7760
3686
2666
2034
9808
4471
7303
521
6221
8161
4114
3831
5469
6171
9445
9284
959
4193
6170
1314
719
1034
6589
1537
4056
1603
3676
589
2845
3773
7888
6882
5129
530
6833
2572
9923
9402
6356
2823
7345
5465
2686
6749
9433
3742
7840
164
9532
4786
8620
9557
7892
370
9725
6920
634
5382
3243
8728
4886
915
5991
5918
4044
4088
6941
5903
1271
7996
9199
3457
7808
3963
2842
5245
6239
5446
9976
921
8541
924
8606
658
932
5
3712
7444
1710
1857
5952
2182
9376
6149
6971
479
5230
5891
3562
3321
9185
6015
2343
4234
992
3550
5218
8998
6636
1587
2734
465
8498
4794
2216
5552
9844
2587
2153
8047
5845
4864
2091
2864
4365
798
347
5775
5905
7116
8353
7793
18
4007
6471
7687
7390
7195
3405
9048
2799
1572
8492
6586
7723
323
8112
2046
4625
7173
6247
1701
4591
2540
8055
6259
1440
5889
5767
6795
1014
2247
6785
4254
8668
6089
738
6893
8949
6374
4205
1100
6205
7968
466
9601
9678
4764
2936
9627
2684
1009
2267
4669
2541
4482
411
1824
5270
2265
2129
8062
4562
7284
6727
1054
1195
7100
3338
2116
3825
4810
664
4972
493
1228
5408
3798
3629
983
6368
6161
3805
9156
783
2843
9341
1633
4432
3389
514
9104
1370
2896
5920
8613
8038
3449
5712
6805
3618
2796
9461
3401
9447
3835
8617
6480
5707
3752
175
7160
9524
3189
8629
3139
3421
1626
5062
3982
2828
1202
8145
160
5936
292
9913
6114
3862
7818
6526
7799
9356
5666
2435
6630
4576
7302
1464
4753
6961
7495
7908
1517
4321
8150
9139
6203
8862
5475
6999
8656
8250
7852
3960
290
2820
6190
6110
7659
5710
6886
7542
9915
6099
1364
3406
3228
2334
7719
8697
8721
4819
4537
5773
7699
7106
539
104
5695
7487
1437
5842
2756
7193
1334
7798
511
2608
3008
3364
5331
9929
4166
9459
4102
2917
6042
2025
9848
1659
8308
4264
5867
2706
9332
4577
8257
3262
2377
1845
9002
8104
6429
909
8616
1622
7654
14
9799
7438
2926
964
1110
1798
5128
8727
7130
7616
6082
5746
205
4460
3052
2462
4915
7229
2144
7117
1954
6543
8526
8996
3763
6394
7973
3745
6798
5748
3974
6966
9374
4202
3917
1581
8742
3175
8075
2020
9686
6395
8137
9617
9931
8579
3977
3585
6206
6103
5908
7694
7703
787
1023
9880
4077
9481
5259
5800
5154
7882
6071
9878
8406
4781
1538
7857
1093
5846
4890
6959
418
3643
7484
922
7329
9972
5172
8796
6980
9842
166
8409
1296
335
9300
3551
6029
6964
8883
1827
5950
813
1015
3989
8272
5424
5194
9462
4854
4490
667
2198
4091
1205
7244
4869
4199
8524
226
8135
3037
5061
7189
835
9901
7573
9621
9732
9219
56
8588
84
9298
8103
5288
6397
7638
5296
7258
9760
2307
7832
2955
976
2258
3445
8846
4337
8432
4108
5785
2115
8694
289
5669
8661
7547
7481
7066
8519
4533
9495
8031
703
6502
8316
3509
4019
6648
1032
8640
5325
4422
1890
201
2622
8605
5543
8220
8380
4837
7708
3759
354
6390
5134
3878
8639
5396
2243
7328
8448
109
8108
499
3159
7059
4595
898
1192
6175
1235
6750
35
5317
6232
6214
1656
1119
6822
5693
5614
4322
8607
8208
2470
5398
5884
6808
5647
1634
879
9032
2561
7817
4593
3504
1343
9444
8531
6139
2161
9023
8971
6538
8405
9660
6337
2574
7017
3466
8422
8434
4770
7287
5073
3210
4698
8306
8627
6488
11
5201
200
8133
7928
9251
2477
5417
518
7340
3050
3046
6563
86
1157
8363
6396
9897
7060
8215
4033
6491
2511
1816
5166
5596
8635
9037
3473
422
8840
5247
847
8261
6610
4171
4978
6895
5515
9904
9815
7412
6917
6210
121
2803
9093
2410
6994
3731
2133
9759
7868
433
3100
1044
4503
5703
5016
4305
5453
5373
69
4589
7903
2718
4939
8557
6022
6933
671
8781
9383
2117
674
3750
3990
1558
2213
6512
3696
4347
7560
9993
2710
3339
1521
1284
7959
5978
8708
2890
2553
5967
6781
1117
9800
1939
9968
9545
2084
676
3840
7496
2192
6490
3904
5820
542
5699
6013
3160
45
6359
138
2000
6701
3267
1909
4520
7507
9009
5463
7555
3169
8146
4919
2110
1608
3168
5584
5063
417
116
1947
98
6458
6704
8433
9182
1500
875
3462
7232
7678
8934
9779
240
5682
9988
4717
5730
436
3375
2022
1921
7025
1489
6208
3019
2336
4092
3340
5110
9078
1732
9614
3222
9186
194
7386
5766
2691
9814
7081
3133
8166
2458
7655
2526
7432
770
2221
7030
8533
359
3660
967
5298
8638
2176
5598
5413
6579
1016
7825
9872
5028
3350
8484
3119
8548
741
3670
3567
3427
2941
546
3714
4518
9143
3003
9448
7113
1293
470
3043
3186
4068
4918
5409
9522
3093
1829
1671
9600
4026
723
9756
4125
856
2888
7994
9012
358
9237
9039
3877
404
2875
5907
2287
5306
9822
3968
89
3815
5118
4809
7457
4584
402
4263
7690
9268
3913
730
8899
9128
4315
5148
2599
2319
4310
994
8343
2852
7426
9132
1328
7327
2235
4255
7063
2588
8965
1171
6420
6328
1204
4531
4807
1912
8345
7178
1079
9392
9077
3949
578
9283
3357
177
3579
2183
6909
6035
2178
8015
9903
9214
2124
4690
7333
825
2762
7667
4401
5954
4334
8411
1033
5635
7614
9839
1498
4754
1349
695
127
412
256
696
3706
7742
3059
1475
1776
4173
1378
1526
7294
5207
5642
6851
9763
7341
1638
7515
378
3071
7505
6773
5619
6343
2611
9724
7512
4594
3930
2999
9013
988
9471
5187
4308
6647
9195
2814
1248
4134
1761
3832
5638
2835
9487
3506
6518
9266
6347
6708
3077
968
7589
9554
4957
761
2391
4110
2859
6026
3919
9146
3229
5933
3051
8124
2333
8485
7330
6295
6398
935
6192
1735
1292
5964
8566
5951
8672
8540
6771
6686
5149
7211
9378
7575
6914
9184
8612
7115
9547
4197
8808
6710
1828
762
8855
4407
1840
5418
7754
4500
6494
8939
2193
9122
4521
2356
313
7004
5410
726
735
1552
1017
3842
2579
477
3230
2113
7711
6674
6779
7718
3986
8884
2571
4483
5411
722
5111
4921
7086
8772
3995
1610
6668
9718
2972
8095
9239
4272
9892
4426
1771
9197
3948
6978
3952
1396
5199
4036
3213
3520
1599
8726
4273
6656
2029
3898
559
2122
5993
7611
3991
6921
4028
3479
6165
1369
8407
8763
1867
7124
2865
6730
729
1318
6292
4343
811
5461
3762
7351
8248
757
8508
4504
4124
4585
7606
5911
1528
318
8140
3090
2481
9076
5626
4050
1905
1806
888
6321
9706
87
8134
9647
5023
3730
9426
4610
3155
7995
1917
9290
2777
196
4211
5738
8091
1881
9951
9974
3171
5348
566
8500
2057
1035
1179
6070
8384
7061
1184
8688
4640
7761
3415
425
8252
9187
9154
4215
8044
8051
1951
4366
6670
2600
4086
9618
9810
9244
4677
884
489
5117
5857
5037
237
8977
7311
7463
6352
7594
8258
7647
5856
9038
8276
3748
5447
1445
1706
3799
8680
2126
4492
1164
8757
7089
7441
6318
3544
4894
2554
8698
7816
6024
8760
8212
8118
6440
8823
1310
6246
8332
472
7045
7156
6060
2106
5600
8520
963
5178
3555
3848
5488
7048
276
7828
3892
3124
6336
2149
1003
7871
2573
6063
9894
987
211
4416
1323
4487
4121
6683
4647
2016
4402
5821
6407
180
620
4039
6357
9852
6365
3541
4735
2386
7663
3204
7737
4795
1835
9981
9629
6968
5144
6194
2009
5960
6031
6018
1960
7469
5587
8340
563
2695
4081
5200
8821
7500
889
728
4867
1462
9164
4778
3102
9381
4943
7879
459
283
3988
2316
7010
3947
6963
3659
9018
3804
7275
8045
4363
6075
3070
1008
6469
5140
4836
298
2505
9773
5743
615
5038
310
3530
7034
3374
4524
2270
9658
1393
6043
6997
4281
6534
6283
1066
2698
839
3069
6834
2219
9936
1037
2805
7299
6989
9960
3966
1038
3248
6313
4105
5365
3398
9674
8491
5500
9695
494
2015
7250
9434
8578
2827
7058
2318
4087
2749
1646
1787
7866
9046
3521
8472
9675
9654
4309
100
8838
6164
5736
2138
371
4304
7902
2627
5780
5357
3207
2832
3385
3649
1652
5304
4346
8888
1411
745
2476
9148
8968
8596
4587
3458
6943
8785
4546
3197
773
2759
6062
2635
9817
4550
8707
5602
5827
83
2271
2442
3914
7202
2983
782
4261
4480
2496
6385
6532
6148
6748
3291
2403
858
5853
7933
3978
9369
107
1971
1664
1978
7313
4752
4686
1178
2451
185
179
5165
6141
7688
4498
3064
246
2321
4417
606
1007
7709
1036
6757
7365
4944
8892
5617
2031
4358
5009
1758
5604
5895
4569
3346
7951
6649
8628
3351
966
4812
672
1892
3386
7456
60
5145
9645
3461
6496
905
5295
4043
8335
4933
851
8058
5027
5205
1351
8323
1122
7984
6981
1172
3889
2790
6976
4543
8413
2846
4031
5630
449
8648
7756
4822
2071
832
5210
7646
3534
9334
1286
7938
9662
9577
6268
3846
3136
1573
1089
434
7794
5834
6753
5656
490
5157
3196
4626
1620
941
7630
4668
1403
1680
9375
2716
403
8010
7823
9087
9365
2881
4630
9189
6666
5646
4486
1047
8011
3038
5176
1236
1151
1911
6150
119
6327
9703
9387
9665
7090
7779
9307
9602
5347
9519
9542
2090
2142
1257
498
5832
7613
9942
8992
632
8196
5589
7296
3214
6431
6519
9393
6036
9269
4739
128
4453
8898
2976
7841
3563
6305
4528
3755
2760
3996
8379
7095
2459
9468
2248
918
1401
3687
6147
2353
5881
6344
4227
6477
6263
9094
1300
3188
9250
1979
8315
6470
7513
9193
8128
3501
7704
1266
3707
9328
709
9739
2767
9394
5719
6983
1932
5843
7342
6531
2697
4233
6901
7738
1123
2055
6297
8401
7511
5675
4148
8581
9849
6146
6528
7015
8893
9054
8586
7837
5005
6084
7535
126
6399
7679
1801
7789
2277
6005
5816
8514
5754
241
7974
5840
9437
2485
7947
6380
1277
9472
3006
7804
233
3161
8375
2778
5527
7181
6483
6332
2687
2753
6504
1986
3040
2306
1324
698
4130
5770
32
7689
1278
8779
8704
8442
3807
4624
5431
9998
6720
332
3936
6853
8262
4452
6131
788
8986
1001
6422
4146
1612
7087
1104
9715
8147
4300
7935
3703
9194
3779
348
3232
4412
9792
8117
5906
8663
2484
9329
4440
5551
7664
7926
3619
203
3962
6789
461
117
5678
5390
8282
4218
5131
774
1049
6197
8389
5114
6915
3309
614
4722
9003
8503
8718
2088
4357
1993
9238
4659
6182
3561
2152
4345
2096
9728
5586
2694
6386
6551
5490
627
4279
232
7660
7887
9504
1995
3841
7440
4973
7783
6193
9425
3492
1120
9473
3247
4560
8280
6890
8935
4382
478
9604
1631
2280
3231
8221
6495
1945
6970
2070
7585
8450
9227
2920
4820
4629
3141
4155
6155
9730
6345
3057
3617
8787
6665
3907
1064
6852
129
5010
3460
293
8569
4016
8751
7387
9175
6135
5094
6508
2683
756
2052
181
6196
8297
3740
8913
2869
8076
363
6777
3418
639
4959
8183
7556
7662
5203
4399
6554
5186
7266
4545
750
4891
8991
9168
3621
3269
6180
2320
4586
5792
7957
484
3054
8052
2172
4720
3056
2898
522
5841
5258
7346
643
42
2006
4387
9319
553
6873
1594
5427
5890
3481
1817
1274
7582
1131
6286
6145
617
8599
9065
8705
3380
3829
7541
3654
572
9677
7206
4785
8320
7490
894
5233
8419
8462
7394
3251
3215
9480
5407
5106
108
1020
6709
6924
2754
1374
2378
355
7676
6465
9591
3265
1339
7692
217
2674
2305
4348
1714
4245
4232
9784
8050
9583
9659
1444
4020
3324
818
1427
25
3671
2662
8515
5185
1900
5213
5274
3770
8542
9999
492
8776
7285
4670
3605
2763
8767
4745
3984
5624
4554
9288
3652
3992
4514
239
9736
9165
3381
7780
5499
5913
6059
891
2027
8102
5449
2494
4478
1025
6142
2563
5618
9134
7016
2619
9787
2472
2538
6325
716
8270
6279
5389
9103
848
7883
7419
1669
7905
740
5036
9073
7998
4538
5653
7352
7406
5935
2872
7144
1885
8314
9749
9888
1852
1365
8455
4499
5802
6907
6449
8833
8614
7538
5999
6928
2520
3152
8598
4883
9586
1357
3116
215
147
3795
9474
384
7174
5241
6588
637
7829
1802
6905
9080
3218
3636
5909
2596
1477
3127
2776
3588
3333
3722
3856
3826
3884
3420
6189
1859
7142
6858
7354
5526
7051
7792
2188
2370
8543
1611
5341
8236
5809
3148
609
5438
9397
8775
5725
4226
4679
9275
9091
7814
7567
5932
3866
1472
5046
6667
3227
7583
8083
6577
4069
5808
6930
4904
3973
6074
6505
6033
3021
7675
1696
8386
7964
3361
548
7624
2414
3951
1046
1579
5724
2568
8720
7714
4651
3505
1797
2249
131
102
1692
3103
1739
3793
7940
5385
7062
8200
3142
6234
9651
4900
3557
6303
2288
8736
1168
455
8039
7632
1654
2168
2738
1031
7476
1790
5335
5279
819
9114
6863
2885
2770
2844
5546
3118
1687
641
3224
1757
1571
1577
2665
6350
8198
9590
6401
8014
7136
8271
3983
5835
7931
5232
2839
648
4038
5013
8582
5958
2634
4846
9252
8794
8584
9389
5141
74
9327
3335
9040
5214
7770
9050
396
6940
3972
9497
764
8300
7893
9949
3464
4932
2214
4663
6643
8227
1511
1576
536
958
2664
9408
4578
5416
8650
2879
2460
8414
1317
5726
4742
644
2406
4999
4711
2340
541
8458
5363
1086
1792
5364
585
4880
7042
3305
7623
4853
3698
5595
8560
7509
1275
3661
428
9717
5330
866
3854
8489
4094
5437
4034
414
7067
6467
1161
2892
7112
1442
5421
6726
4661
3912
9780
9711
8783
6413
1002
8057
5436
4600
1330
1392
9911
269
8842
5307
6441
1842
4741
3472
8174
4380
8396
906
2040
9531
1478
7164
7433
8004
4601
3410
219
416
2641
9772
4491
7988
4115
9973
6731
4710
8916
1112
6832
5882
1597
6433
9412
4828
7800
4165
2329
1592
1134
4783
9044
4082
4821
7350
4018
7027
1698
9395
4235
5761
9943
7283
6809
8269
4242
2276
6576
2980
1596
1975
5917
9062
7348
7822
9072
8811
8999
6046
2469
2808
4443
271
8658
2522
4299
6840
748
5406
50
2802
2958
2351
1380
8377
4143
346
8966
9285
2811
4070
5430
486
1342
5732
4863
9896
7946
7803
291
9088
2908
829
580
4411
7953
7041
8426
7564
6861
8829
7962
6544
306
5277
2085
2906
6676
4059
5064
6300
8858
1344
6745
3857
3900
3688
6272
4433
7260
742
6566
5044
7901
1632
419
5175
974
4841
3025
1898
2283
1305
6011
6758
5990
7056
3165
3170
5253
5887
1127
7927
8059
8370
4982
3430
8909
5012
8682
6723
5208
928
6561
1541
2648
9922
5540
1270
9170
1294
5961
7447
7740
7971
3875
854
8439
3425
8185
9477
4683
8000
6275
9738
1265
9668
9700
1399
4176
7514
6927
308
1448
3108
6456
4327
4875
1984
5217
4118
5151
4798
6463
5760
2108
6555
6813
8703
2063
1878
6903
9930
2209
8238
6931
6859
1527
752
9752
853
4179
8973
2289
4162
5202
6574
5260
8158
8214
3137
714
3715
8403
2883
8876
6854
540
6267
1090
6243
642
7430
6904
4672
4469
337
2620
5828
2961
1454
5050
2392
2681
2125
1231
3920
8521
2840
3352
9900
4743
8528
7488
317
8461
3394
2610
7240
4791
3921
2099
3675
501
7197
3097
9351
82
3009
9021
9305
8681
6816
593
2269
3946
7322
5059
7450
8173
8745
2631
7972
2441
4987
7093
167
5397
8066
6819
3790
2424
7031
4628
3275
7809
5358
845
4350
3020
8359
6244
8852
3890
8793
4505
5851
6371
4766
5980
3423
8670
8441
4457
9079
8912
5183
5590
9783
5371
7599
4609
7797
3526
3943
7395
38
1969
3824
4523
8449
5985
4054
5864
9830
5246
3494
7665
8547
567
7306
6225
3575
4515
7401
5383
6157
9553
3110
8864
5661
5728
2177
314
673
5267
9373
7337
7569
5813
6094
3883
1203
8404
6493
1053
4384
1665
5098
5838
3556
2546
4444
1630
7431
6995
3023
8247
3284
7382
7009
4945
3923
1494
9469
734
4671
8954
8088
7786
5168
9961
209
4527
145
4691
8177
8990
6770
1534
1931
6173
7741
6360
8006
8022
1679
3359
5880
9029
1429
6309
7860
8382
7298
4497
5953
4542
6260
2237
887
817
6358
4010
7437
5286
8337
316
8213
6823
6178
8777
1510
9271
8333
2549
4955
2465
157
5688
8918
610
7787
5017
9843
9326
6331
2907
1018
5701
7276
800
4353
9379
7919
208
4106
8499
1504
2080
5949
6799
1730
996
8368
807
457
8853
1406
2412
2913
9623
1240
5547
9100
9508
9457
7922
7764
8387
340
373
5088
4911
2313
6620
1052
8825
4466
7449
1860
8121
4995
2393
7811
2960
6281
4430
186
5910
6552
7729
1848
1102
5655
5024
8043
3648
5020
2011
7684
3244
1121
7032
6447
2973
9453
8700
94
3330
6081
3642
5155
3633
1197
3997
9136
9996
3331
2390
4662
392
2346
2134
2490
3613
3299
9743
2806
3499
3091
6537
2043
4278
2954
6590
3095
6887
5462
2775
6653
5937
3146
3435
8690
9656
7252
4439
5681
4431
8946
8735
9671
4467
3068
426
972
1760
7531
9119
9827
5674
3933
5553
9854
4251
781
6843
2164
3903
7237
5182
4239
3341
5361
1200
9832
5819
9685
4376
6565
4705
2543
8114
309
7446
3328
5170
9653
5375
2089
873
6388
550
8122
2452
8072
7362
9769
2204
2821
2632
4779
5976
4885
1455
5096
4901
225
7405
7131
9158
4579
6955
4286
4194
4103
528
9551
4484
1531
3944
6629
4089
8929
5931
8490
9867
7550
6768
315
463
9788
4100
8436
7307
5355
8230
9615
7310
1502
5388
8473
9231
7851
9970
8049
4736
4768
174
8994
37
6603
2773
7622
872
1582
9116
7021
6652
7190
279
7532
3808
7098
401
1479
6714
699
3751
6485
9241
7949
3729
9898
5892
4519
9025
3307
3784
5052
7486
3216
5049
6614
4536
3236
6721
5138
8957
1409
6849
4283
5008
611
4473
4977
6642
7417
7743
9092
3721
6654
9036
3590
9208
485
705
6736
5929
2653
3055
1716
7314
4814
5668
8621
8558
1105
3955
9982
4240
7976
9575
9145
1764
5441
3011
5308
2566
9506
3122
8355
7364
2851
281
7207
5532
3867
7992
2685
1879
3273
3217
6051
739
1922
8573
6403
4993
9133
9010
5670
2246
1641
9593
9918
802
2017
1606
1073
5066
9366
7096
680
7208
8341
8568
1781
704
8361
4801
5562
2873
893
3843
5975
2254
9805
4692
6227
2
307
4158
5104
7383
9330
4294
868
5240
299
2523
305
7546
2440
1158
5256
8792
4961
3290
9574
9295
4769
7079
4030
1106
3138
6722
4472
8229
855
3882
3246
367
4392
8234
4865
6690
7600
2618
4320
689
7710
5464
4526
7501
4153
3512
1901
3568
1813
3837
8919
4835
6845
7785
7686
951
36
9696
4709
7503
5662
130
5133
4032
6547
7952
3163
1065
9442
4355
1708
4760
3179
979
5997
2850
5607
3896
3667
9020
557
8762
2148
9690
1982
4532
8480
9643
945
4207
5898
6320
3318
8437
1439
7916
7537
7367
1677
930
9517
4598
2834
9346
9160
40
1981
688
6379
5749
6285
2229
9315
9550
3015
8474
4992
2112
1983
8496
6592
6174
9764
9043
2884
4494
1838
1545
7253
8477
2673
4132
6367
6784
7610
9921
5940
6137
5955
6216
1431
482
4200
8673
9588
270
6988
984
5102
9296
624
7863
5556
7368
6443
6076
1670
9801
6659
1139
7677
4906
4048
4603
5294
7005
5599
6830
9893
8518
4605
6876
791
3910
4449
1174
2065
3195
9669
8249
9454
5608
4029
4360
2991
6500
6533
4095
4228
6377
6248
702
5806
7525
5391
8859
8956
2263
6585
9908
2274
4708
1567
9470
8952
5452
8302
9144
6049
6448
2121
8253
2987
2480
5962
1940
61
1642
4879
3001
1214
6291
538
7159
4107
5957
8163
836
6111
867
3489
4857
7147
2418
3154
9928
3595
2930
8601
556
5830
1068
8615
8894
2895
2491
785
9147
6747
3728
7909
192
4172
1268
155
4112
4702
8260
9944
71
8096
6067
3870
713
8619
4827
3488
9710
5702
1935
8810
6564
1933
4652
6159
2030
6925
6125
5926
9261
3964
3623
826
4815
3166
3121
2255
3005
1085
2719
2413
3559
481
9934
9409
3543
5814
1574
5035
4481
6068
4243
3075
4210
5783
4881
753
4214
451
2628
6952
5680
8960
6451
3475
407
8290
1335
4170
4053
6990
1972
2867
9989
3926
7776
1407
2241
2461
9416
1841
4456
8631
9845
2315
914
9781
7347
2897
6609
2791
7297
2569
8130
1413
7621
350
746
8116
3830
8054
9097
4248
7407
67
6752
231
1629
1973
7461
5440
5115
7353
8887
1230
6713
3597
2724
8535
2143
1635
965
3566
1699
430
9129
5713
9173
7378
7478
5412
6202
6153
3640
8803
507
4751
2519
1420
1040
9273
9200
6160
1956
2421
823
4773
5592
7249
229
9045
7944
6679
532
7080
3510
9856
8336
118
5248
339
3301
8938
3448
9512
2170
7148
9355
3571
9056
2427
4797
9556
8362
3637
2717
5384
1955
7167
5428
1650
8626
4922
6215
2537
6524
7479
7338
7617
5167
4517
1450
252
6092
758
3287
1554
3282
4002
2816
285
3839
3611
6236
1028
1418
4455
5031
2141
9419
3785
3582
6865
1923
763
3545
4495
6231
6016
8510
3868
4238
3226
6457
7125
5854
3446
4128
3594
4635
5184
8743
8664
969
5558
6376
9491
144
7050
9388
4851
5113
8483
8152
9902
8005
13
1412
6559
1473
3678
2924
5442
3630
137
1201
5894
6472
9074
7305
952
5079
4590
3548
7331
942
462
7775
9802
1253
5087
3293
5637
7673
9176
7179
920
7055
8964
1707
4682
9505
2593
8219
4966
3409
6867
2190
4189
4079
4805
779
2866
6130
6529
9935
73
7161
8284
1394
7154
4185
5963
454
3332
1952
2921
393
5977
4696
33
6671
1169
7304
5026
3443
5593
5956
1056
1141
6435
3485
2966
3573
4
3280
5525
9413
6006
1436
8172
3111
2607
3879
4465
6688
6807
5472
2072
8886
5142
8953
2097
9287
4951
1414
1805
4953
5362
1882
759
6850
8702
6827
6897
3814
1297
5053
6023
5530
4734
9869
1359
1636
1487
4169
9865
4715
997
238
4738
1397
1103
7227
8856
2801
3695
7977
7155
4718
9774
9171
8429
587
3836
3601
2023
3031
7301
619
2291
6176
4391
8427
5651
5101
2643
8506
6801
6096
8678
278
7223
1902
8574
3938
1219
1543
2498
3016
2709
7374
9990
5716
9699
579
7750
7566
183
2021
6138
1303
3432
3954
1177
254
5804
4893
6045
3532
7458
2633
885
5002
5795
7534
6079
7824
9488
4929
4418
9022
1756
1220
9348
6425
2970
2331
5276
1810
5542
7254
2605
4788
9291
9236
6562
6400
1823
6638
9406
8402
441
5058
445
710
9232
3651
4804
584
9019
8027
7044
7074
1022
1206
3303
7070
5684
5381
6065
27
4229
488
1872
3049
3600
1644
5493
9991
1648
647
2536
6864
6658
326
946
1621
3635
2591
8338
4750
5281
7153
1425
7137
2240
4678
7745
5484
8903
9218
4787
551
9859
372
8608
2916
9312
9742
7619
5603
2995
8292
3239
4324
7071
505
2061
1252
4970
1435
5350
7451
6866
7669
421
2338
1193
3891
5505
1557
882
3254
5329
5491
4861
5332
6911
2086
1124
3201
2894
267
4296
508
6105
9006
8940
2733
3844
5652
7565
8879
7468
236
400
8020
0
7685
2374
715
1539
9733
1520
4938
6934
6762
5067
6091
6595
8233
5686
7516
2959
2002
9984
1850
7774
6578
8092
5223
4808
2502
1388
5523
5934
9167
9841
8218
2439
2380
7014
140
5487
6766
3276
6128
2215
8875
1125
731
865
149
591
2339
7855
4685
1899
2660
9687
5393
7522
1697
834
3317
191
3572
2349
7576
9000
6878
5093
2847
1746
7057
9486
3268
4265
5460
3033
4359
2829
9363
7858
1924
6053
7177
4674
7033
708
9159
6278
1831
1084
2696
1216
9804
4126
9226
7915
2661
2156
143
5836
8961
2531
3242
2304
1146
9924
3438
2902
736
8365
2934
162
1927
8920
7312
6919
3957
8425
5030
8324
9446
8988
1949
5939
2870
5120
8895
1717
8397
9939
8287
8255
4013
6052
9737
621
6780
1910
4113
2447
2565
655
8980
4829
9255
531
8217
903
2132
4803
263
3082
7323
287
5611
6842
3529
5498
4188
7248
1519
7961
4336
2560
5352
681
1775
973
9245
5753
9027
6732
248
8729
8385
5970
1566
5751
4620
775
6293
2871
5084
9886
9708
5769
7363
653
1419
4602
6984
3296
7627
5109
2253
6487
303
8349
9483
6712
6427
2667
5723
7999
8502
1684
8289
3397
6047
6599
5078
218
7577
2614
7140
2093
7150
1703
9712
4684
1640
7590
6639
9267
3587
4551
1130
8651
9721
2794
2965
3480
195
1081
7452
9496
6302
8755
96
801
9610
3589
4109
6772
600
5060
4772
9418
6663
5717
442
5509
2151
5313
1446
5811
656
1524
5065
1384
1769
7219
9042
330
7135
8263
7642
1565
6694
9997
9424
28
5692
9776
9889
690
8024
5444
3895
8804
8194
391
7281
4784
4617
4323
3524
4058
448
8435
3288
5750
2454
5885
7523
9109
4575
9821
5127
9277
9407
3086
4222
8791
7635
2455
2396
9427
4057
6207
8241
5450
1167
4163
351
9452
926
17
9423
1639
4212
6124
2671
2962
8848
2947
5636
44
6746
981
4646
6898
2157
7842
9024
5625
3087
3638
2285
4067
7291
2504
4737
4622
2389
3089
5454
8868
4802
5576
3777
243
3162
467
8517
9265
1254
8040
2598
569
8356
5560
6391
7706
1720
9692
4887
3540
7844
2323
6992
977
3014
8079
4270
2530
596
5733
1651
1868
5948
961
6290
9475
2041
6288
3768
4403
8388
3053
9396
3935
7712
5900
1991
4045
1336
706
4474
1094
5055
8738
7238
1585
3591
8002
5747
4631
2998
5425
2257
9603
6557
9950
8911
6383
4986
5439
5395
464
4832
2578
662
8304
3754
1584
5687
5752
4657
8837
6008
6
2556
5520
3593
2963
6892
21
5479
5029
4196
3184
2720
9635
3931
7292
1750
9568
8854
2497
8901
9430
7970
3932
4998
4385
9947
3581
2795
9047
6482
860
7588
3976
7029
1728
8834
5164
4475
8714
2342
4156
1906
6140
8390
1533
844
2722
4333
949
4908
1371
7185
2425
2527
41
1361
2314
9744
7835
2256
2792
784
886
6719
3523
9191
7987
727
4127
7700
2275
5988
9500
1920
3822
4665
5137
6744
47
7186
3723
9263
7907
2609
3255
2252
397
5275
2638
1961
668
8891
6054
6452
4066
9636
2837
6624
6432
4850
8046
1082
6513
7491
5158
2210
1861
2195
3447
4694
7983
4719
9571
1916
4912
4065
9234
9563
5791
6937
8575
9431
6064
8259
1607
2292
2993
6645
7574
4325
2008
4083
4001
9834
1694
8984
9885
4213
360
831
1190
1491
6571
4371
43
5739
2426
7580
2202
5107
2739
5502
4285
2650
1754
1755
6375
2714
8923
2352
9198
4723
1387
1226
1783
9587
2250
9570
3863
4917
4632
423
9152
1600
4021
4373
1306
1217
4799
5789
2533
2109
7216
3673
3681
679
8476
6600
1647
5570
1616
2499
2036
9899
4676
8982
259
9213
4889
3886
460
666
9948
7385
1152
1700
9890
3549
948
4420
4468
2939
2311
1325
5771
7671
4423
4830
6678
6166
1457
4319
4539
5269
598
198
9162
8897
5056
8967
7377
8831
3343
6739
8922
5831
9222
3145
7428
4501
6384
8734
5077
6782
7075
3812
8064
4024
4984
2101
1744
2693
1382
3337
8279
8202
8713
8603
5861
6408
9634
4097
9061
9818
7602
1586
2989
7657
176
9761
5324
2191
3151
5852
1259
2211
9754
9352
7722
4464
3342
8817
2594
755
1965
6230
6277
1907
1540
3167
7524
4619
564
5615
8538
5919
9789
939
4907
9212
3365
717
8851
1767
1929
828
5327
9820
697
4759
3937
3747
9367
9823
7929
2651
4291
2174
7876
3181
2564
5798
3782
1705
2919
9661
8351
7196
6158
1637
2471
2348
2054
4307
2780
8106
9798
9595
5698
6370
2387
2813
6200
77
7213
765
7470
2332
8666
5812
601
4516
159
9411
2130
1530
9521
5400
5404
3344
5091
558
6269
6824
4902
6468
2779
8201
9986
7805
1731
1458
2982
6982
9941
2397
603
4303
843
4388
7489
1276
9526
4438
2167
5582
8822
429
4437
4641
881
8786
4142
7578
1282
7068
1194
3634
4762
3508
8023
6058
7210
7245
9906
7236
1299
7038
3850
3656
6517
5468
1553
222
3066
2652
1180
7518
2217
6072
4318
8865
1070
2420
4689
5280
4064
1114
2979
4870
230
9824
3538
6605
3390
406
6965
7199
8488
6759
3887
2223
7019
8710
9919
80
3073
4660
7272
420
6734
4693
1423
3612
5108
9174
2545
8730
6692
2642
5893
6797
8885
7389
2300
9262
5874
6545
7230
2405
5180
4868
5585
3684
9415
8459
938
7820
9292
5567
4994
6946
1398
5496
6299
1366
2444
9967
2355
4009
9778
1918
1655
1389
3422
1578
5369
2411
2162
1751
3658
6637
8659
5054
4225
1959
9775
9895
2787
6870
8211
1896
9833
3470
7233
8237
6462
4923
2298
4969
8647
2053
5489
4956
389
5206
7945
8642
7168
2376
8311
8008
3592
9917
184
3818
4884
4826
3945
1950
6027
3847
3753
8048
6962
9559
4882
6382
3679
7724
4855
7421
3668
5143
4777
3322
4732
9597
1424
5420
2597
245
9606
6520
4704
7982
7570
1198
7997
357
3776
8071
97
7214
562
3922
6935
7141
4445
9005
6255
1830
8902
2468
1421
1183
8097
612
7652
754
4747
3535
9256
9004
5566
3845
5524
8408
2005
6405
2264
4122
6896
8431
7821
5392
5914
7280
9131
2187
1556
4838
6478
6222
5511
2945
5632
4463
6515
7396
4658
871
5236
590
4825
8662
776
2486
5971
4284
3981
6607
7475
4611
2688
3746
4396
3024
2584
9169
5220
6418
4873
1136
2004
5081
6787
1482
9994
1267
5242
2033
5879
7913
3395
5316
7843
1185
5237
4776
8367
978
4224
3313
2968
9246
4259
4314
8254
2432
1433
2453
8556
1832
9803
9264
9338
1818
5015
1239
6817
4282
321
5018
1542
7896
4448
9172
8494
3662
1762
6489
6698
9060
5482
9862
1846
2218
7259
9562
8861
2577
5156
4223
5374
1209
7119
8060
657
5581
7293
8068
2933
1883
6910
9464
7393
5368
2224
8765
5169
262
3496
6530
5759
7037
8464
4811
2482
595
8288
1308
2826
2534
6430
7707
7680
6814
665
1987
1812
8654
280
7485
2382
3467
535
6262
4136
3237
3929
6760
6501
9052
2911
5606
6718
3304
7445
6606
8914
2438
4394
6790
4963
1075
8671
9362
2290
1497
9196
6587
5745
766
2466
8970
2521
3801
4793
3970
712
70
6616
5353
8157
4789
767
6511
1518
2741
7529
5571
5132
7336
9507
6525
5665
5336
9767
3927
5796
5095
5221
649
1547
5822
827
849
26
9681
3104
9569
8454
7102
5966
7315
7020
6204
2901
9726
1061
7435
2971
2975
4728
8733
6621
6803
7418
7958
9260
399
4621
2997
1327
2657
3259
8467
3704
7493
2206
3908
5968
5734
88
8719
4204
9926
7572
1548
2922
2639
1551
4511
6541
7105
8660
1302
8716
9679
2208
582
7693
1871
7239
6604
7289
9515
7551
3583
6862
4084
9099
5455
5945
2416
1678
3733
15
9210
5848
1778
9956
5415
8624
8086
2877
3885
8098
6697
2585
3596
5942
9544
9663
3065
9053
5720
9564
4145
2781
1925
2019
9964
8806
613
4746
7571
1864
3786
1591
2495
1288
1590
4942
527
2079
9465
8622
2166
2891
6040
3734
1523
9510
2456
9758
1908
8749
5943
7601
9138
2899
2932
8677
3027
9540
5466
1486
5989
9819
6996
2317
7399
599
3371
5667
6796
4599
9688
2189
2463
7265
7246
4913
7224
1080
9490
9605
4344
258
8191
1004
7120
120
5191
7749
2644
2199
7145
576
3347
6154
3531
1875
9161
6985
6446
8764
8154
3240
8310
8802
9598
6188
3809
446
2262
7104
916
165
6608
3067
6695
2723
9793
9873
4451
2357
158
1466
4664
6751
850
9576
3727
9057
3725
9151
2394
2769
8597
4035
7763
1128
8645
2173
3666
677
7180
3272
6152
8904
4080
4093
5434
6706
2668
2830
5451
473
2951
3794
8463
146
2548
986
663
7849
6237
8552
1449
4816
5039
9071
5224
8632
3193
6977
8724
1095
5204
7127
7003
4190
311
4655
1980
841
8951
5105
8997
1483
2836
892
5161
6002
8033
4790
3459
135
7251
1243
5677
6271
9371
7465
4614
6675
4441
4903
1822
1682
1601
7308
266
7608
3940
1748
9278
1997
1376
9977
6993
4206
469
7827
640
1794
1505
2094
6597
4525
1187
9945
63
3010
503
7442
9868
6521
5481
5671
990
1251
2295
6112
6740
6902
4458
2744
8032
5621
7777
1360
5979
4979
58
8394
2669
4637
1721
3355
4060
9938
1747
5788
1657
8445
8784
7898
220
1443
1970
53
7752
5872
3130
9646
2362
3407
7274
8870
81
7429
8281
6280
549
6623
2076
8175
9630
9436
842
7717
6287
6319
1796
4548
6641
1072
8985
628
1229
2923
22
9229
2359
6129
9225
6261
6436
7453
474
7874
7408
6118
8571
3429
5876
4062
1674
9456
5282
3281
5938
4230
9946
2111
9360
6486
8693
9753
7279
3298
8805
7639
682
1536
6619
6856
7077
1807
2589
7467
3533
7772
4700
9698
8835
1715
168
5334
8203
1962
1676
9580
2515
2371
8685
9530
3030
971
9499
6583
7149
1176
897
2786
5947
6428
7755
2893
1211
5402
5006
9755
8872
9523
9125
3277
1051
139
1617
792
9882
4397
1839
8025
3325
4258
5869
5033
8845
7023
1779
5292
9377
4782
1074
3724
3482
7295
6883
2147
4729
8636
2233
8924
5367
374
221
1352
9249
4555
375
6335
3783
8451
2075
9581
3414
2018
1815
4151
3901
57
5756
7403
4950
2880
6918
2330
3428
4666
2325
7966
8871
6249
387
4612
6539
9578
7318
5901
6793
6535
6912
4510
4856
3101
1132
4697
1934
630
1170
1745
7925
1525
565
6737
5359
5683
8012
1560
3376
8274
4654
8768
4606
5871
3233
8225
59
3993
8936
6548
5474
5378
4731
5160
5380
4435
6523
2713
1588
2529
1753
809
2345
9279
4257
6004
5786
6341
9059
780
2646
8941
1507
6650
253
3223
687
1005
3349
6073
39
9546
4840
919
431
9853
5763
1485
9149
2601
4180
9220
6716
8111
3632
3487
5605
7649
1870
3604
1653
9625
6774
4159
9350
2395
9599
1107
6735
5516
7410
2793
3916
8604
7726
9622
5762
4852
5086
5153
890
7269
1315
5797
4968
9959
3372
8256
2069
8815
2621
9439
9414
7319
6522
5293
846
7788
8082
1877
8807
4459
1255
8003
3363
3787
123
8877
947
5633
2136
3185
4724
3717
7527
4072
7166
9075
4096
9876
3048
4909
6217
3078
2915
3348
1988
2804
4989
4393
2514
9693
5349
2516
7001
4076
3177
7480
9276
2649
2512
5422
4477
1319
1260
106
3437
152
7107
1159
2937
9403
8593
7423
6476
2448
6617
7744
5629
8149
9031
5994
3855
8207
6459
2160
5896
795
3115
7392
5314
2366
5866
1743
2045
4714
6235
1598
8475
2238
72
2165
5573
8896
2625
534
4085
3158
5234
6455
6800
2910
257
6733
7950
2994
3749
1212
7651
4017
9850
2383
8731
7288
3109
8565
4931
4116
1580
6121
1994
7110
4636
9983
8824
3271
5534
8925
7494
3074
6437
7158
5973
9368
3426
202
5238
2701
3311
2128
5928
7618
4023
2358
9511
9382
9115
6057
7796
3382
7695
178
3180
7101
7859
6426
5403
111
5090
4446
1718
1726
2732
8955
3235
8372
5521
537
5072
9626
9320
2184
2544
5097
554
9863
7674
2623
6677
3190
3474
79
5250
4774
7880
2860
5612
5833
8305
304
2010
247
6593
6949
7235
7914
8818
8933
3834
4983
6258
5300
5045
1544
6972
9410
7191
8643
2047
7133
49
7373
8561
8910
8652
8184
1006
5690
1996
7502
8739
9404
6891
1689
5310
1546
5467
6120
7078
6378
9207
7634
7201
929
46
6010
7890
822
8113
9358
9534
1863
9536
2398
1247
9558
7900
8523
1281
5518
943
9552
5305
8169
5401
5386
4063
513
8094
2785
415
3732
1742
6975
3578
76
6761
2655
6348
343
223
3034
2986
678
6102
2372
769
4137
4681
6889
4406
2647
1976
5083
685
9126
3874
4553
383
9709
8633
1503
8378
9385
432
55
4914
3007
5580
7553
6464
9357
6307
8347
4971
7209
9713
6201
6570
8497
5419
3950
3680
9467
3140
302
583
8460
3565
29
772
8546
7644
5941
5959
3602
5741
9905
9
7872
7242
3823
9613
8412
4427
7603
5519
4564
3029
7425
3599
904
5774
8264
1224