113
321
328
954
295
80
497
230
412
322
614
232
914
938
637
937
977
572
742
338
827
783
651
673
235
311
668
669
931
699
661
392
138
253
38
186
169
467
876
619
845
262
482
481
191
357
580
451
573
795
608
748
566
293
411
360
925
913
881
7
307
195
260
896
652
928
156
145
399
831
420
379
547
974
265
217
56
199
895
762
285
525
297
894
936
79
124
602
916
209
20
289
172
58
627
529
341
270
449
502
210
905
959
862
437
939
789
415
507
247
485
966
461
36
34
213
344
431
561
559
294
140
620
906
642
899
597
155
771
103
3
929
660
445
647
173
427
258
808
583
785
384
304
676
506
110
920
255
171
967
798
336
278
767
722
942
538
200
940
463
366
21
227
76
109
932
708
527
528
242
654
292
621
965
519
824
287
162
22
617
592
989
849
120
558
633
567
246
705
948
715
99
886
949
551
245
557
655
272
106
812
639
310
570
4
84
261
234
302
428
300
581
962
67
291
90
391
33
475
389
533
714
643
811
252
473
728
888
950
323
553
755
757
469
818
521
488
793
575
226
116
820
259
27
394
615
513
351
677
254
568
334
489
598
182
732
594
590
935
375
174
994
187
691
868
416
331
111
78
465
92
10
624
961
930
713
345
578
692
744
414
848
634
218
484
781
584
372
814
364
861
595
229
791
164
397
48
499
105
491
154
404
337
873
346
348
462
381
440
606
115
17
443
739
926
390
408
511
532
539
8
290
298
741
236
108
330
11
494
276
401
772
432
753
286
68
865
263
327
907
641
986
999
879
943
515
324
800
978
875
858
788
161
71
563
35
760
388
992
632
417
421
266
486
749
0
622
618
471
976
918
754
650
281
683
275
988
46
626
18
483
761
231
874
49
166
600
85
500
782
687
151
343
128
436
301
82
490
268
239
710
146
960
371
693
429
544
72
991
666
63
277
216
883
869
264
882
159
141
439
374
612
560
192
40
201
325
157
131
31
897
535
952
759
102
142
148
319
625
646
83
607
903
97
878
524
271
130
686
589
670
717
648
801
747
312
350
671
636
189
596
829
649
6
684
470
196
267
605
316
15
526
32
37
70
160
125
1
332
47
577
565
690
74
540
77
546
468
508
385
860
181
362
347
842
979
700
51
933
314
23
241
359
917
562
554
88
114
228
61
107
579
908
273
402
972
702
206
143
776
656
740
541
94
514
193
498
919
537
853
844
697
179
582
320
376
355
53
487
678
454
177
735
129
452
504
857
963
780
731
517
823
822
970
536
695
93
215
283
838
205
898
645
802
296
799
806
118
477
576
864
828
779
370
924
996
813
667
550
472
981
835
501
207
476
593
709
176
64
854
28
784
185
998
912
923
122
135
180
927
224
167
973
915
604
770
890
682
672
69
993
867
911
123
238
817
657
212
139
825
945
422
586
587
763
409
400
548
955
466
765
796
30
305
340
758
775
377
990
833
127
62
425
902
335
66
203
326
887
251
733
144
361
456
418
126
318
659
447
885
707
588
516
398
616
786
726
623
803
387
446
460
871
591
367
794
244
284
223
5
188
790
433
274
688
681
149
711
520
736
743
406
39
724
855
178
50
29
395
459
435
653
75
89
934
306
132
706
946
44
703
983
396
909
16
147
474
413
542
407
194
117
43
679
884
358
984
112
531
719
250
663
221
640
629
150
380
133
495
826
859
119
734
850
721
792
317
510
893
309
910
424
555
611
712
720
892
121
480
750
738
197
419
630
723
543
716
249
774
922
240
797
342
65
430
55
840
837
492
725
872
73
136
777
450
369
208
202
183
534
830
601
807
816
571
689
225
101
393
12
256
805
2
220
222
810
585
299
756
787
698
426
41
363
198
877
613
866
442
982
434
971
680
479
368
243
14
718
86
809
353
237
821
694
523
204
635
152
163
819
975
628
57
995
453
42
834
405
891
165
889
410
87
13
730
880
958
382
964
282
153
941
804
95
856
947
766
969
985
175
603
778
81
248
574
509
951
45
841
752
727
104
352
658
329
59
448
333
279
610
968
457
987
957
662
315
599
980
901
564
556
863
354
378
836
373
769
190
846
704
675
168
665
552
518
170
269
664
745
137
478
638
100
308
522
674
997
843
458
184
751
25
746
852
764
493
839
956
455
441
134
701
383
96
953
900
423
219
685
569
339
851
768
280
365
313
815
944
288
60
257
631
356
52
403
530
158
444
9
505
26
870
609
54
464
24
696
847
512
303
904
98
91
644
737
832
545
211
19
549
386
773
214
349
233
921
438
729
496
503