134
770
621
722
904
619
245
318
775
566
950
613
291
406
994
278
824
209
376
610
492
658
340
379
631
553
645
50
614
336
54
204
125
557
430
885
458
331
494
282
462
237
261
636
343
58
763
540
377
360
761
620
940
999
593
559
596
499
161
932
382
326
870
496
634
334
816
49
295
234
587
225
586
827
424
939
783
959
460
659
589
4
920
856
378
437
40
392
523
715
880
71
277
979
153
463
263
156
946
513
253
471
120
188
436
694
1
308
687
33
512
65
23
310
358
306
635
542
583
653
793
784
399
798
132
248
152
681
270
207
332
176
509
200
522
41
662
814
121
845
325
900
11
238
143
713
643
179
840
700
970
872
921
214
811
556
841
464
526
433
712
483
268
442
386
28
324
571
22
0
650
110
754
520
852
459
911
115
967
995
345
448
87
315
992
374
717
561
991
813
862
10
52
99
564
296
695
908
756
347
875
221
320
244
654
367
890
45
563
789
266
787
956
39
201
689
873
924
514
439
55
822
94
766
95
230
864
595
953
769
403
231
84
3
737
293
62
507
80
750
353
778
809
884
319
470
918
696
877
31
742
450
716
869
521
832
672
289
889
735
762
618
655
171
532
910
53
838
551
498
570
628
748
863
963
447
528
508
453
541
753
309
328
292
866
297
640
443
119
577
728
264
755
567
515
876
874
68
401
288
69
409
934
130
157
7
354
301
897
5
224
19
668
801
952
335
978
467
524
77
597
74
930
249
803
184
222
359
63
76
886
369
915
629
155
488
344
109
149
642
128
951
390
820
321
228
574
725
246
746
24
47
27
896
232
287
923
113
997
935
338
322
663
257
989
603
283
86
355
363
242
965
469
711
92
666
175
744
579
833
933
486
416
192
837
633
172
372
554
72
604
140
546
432
548
101
760
29
608
926
738
280
758
91
135
684
298
741
819
998
611
671
223
802
830
93
855
185
385
835
944
562
481
773
539
26
303
229
796
197
868
794
349
909
960
269
466
831
75
622
420
362
818
389
285
408
162
187
111
182
879
316
806
440
396
402
829
720
912
410
624
955
381
692
931
881
584
878
51
669
747
533
724
14
193
517
400
476
477
986
895
607
649
709
792
781
500
727
616
489
434
317
828
427
276
272
544
772
371
550
815
32
286
707
226
138
605
455
525
977
598
210
804
882
627
534
743
779
79
375
178
271
975
129
78
60
901
600
16
198
661
235
435
601
405
423
124
531
680
966
638
625
131
391
730
721
699
690
572
697
456
615
342
350
545
159
473
160
190
18
774
103
752
90
183
705
954
490
734
657
771
346
504
682
173
982
259
233
333
961
491
578
387
351
630
461
493
751
702
588
107
116
312
44
925
969
527
665
81
202
273
632
947
782
971
846
83
849
196
726
543
867
736
144
558
670
679
262
451
337
397
170
569
729
906
651
189
370
166
674
903
826
243
990
329
167
398
330
836
664
57
36
123
733
457
446
948
304
623
501
701
126
759
821
899
105
164
265
626
34
307
565
652
9
894
364
114
373
141
66
898
537
395
673
703
361
685
145
205
510
938
907
777
82
914
236
42
987
106
857
30
785
590
2
585
394
949
892
274
211
38
61
252
241
452
936
560
267
195
983
976
893
917
683
519
719
411
865
368
962
602
8
788
817
206
916
429
478
710
776
739
768
848
511
97
732
112
465
35
100
118
850
851
174
142
46
871
146
158
104
56
474
240
688
479
825
647
823
314
239
404
108
137
98
592
475
421
805
480
468
186
418
536
745
503
861
617
88
449
639
422
853
581
15
704
219
576
151
922
599
678
472
568
790
808
147
941
943
294
165
339
530
927
552
438
13
847
945
102
883
254
859
255
163
591
384
415
506
417
937
313
366
714
905
148
191
70
667
749
133
535
887
393
502
582
352
258
891
810
767
17
212
984
797
281
740
425
656
311
127
807
218
757
419
136
981
497
348
957
538
844
154
181
973
929
380
799
20
902
644
609
300
698
996
85
96
942
505
485
693
706
59
426
487
250
839
251
299
139
594
169
675
484
220
919
980
606
843
122
549
21
708
279
765
676
215
612
213
575
928
441
180
958
529
150
964
247
413
383
256
275
6
641
495
323
791
731
972
860
290
388
194
428
431
812
217
648
12
260
302
357
800
580
444
48
968
482
208
67
691
412
660
888
37
764
786
89
327
795
168
445
646
686
842
518
677
25
988
177
305
985
858
117
216
780
64
854
993
203
365
974
356
555
547
407
284
199
516
414
227
341
718
723
834
43
454
573
637
73
913