5581
7823
2469
3082
4919
748
6596
2038
5433
1525
8740
7739
6387
5919
156
819
6002
7294
9727
75
2341
1574
1212
157
4116
5706
8215
8456
9731
4809
1163
9705
9468
7596
2069
5955
6128
843
6901
8488
6427
9416
4144
808
8596
1518
3211
6252
3288
6823
645
4763
9090
5673
3150
6886
3709
9691
2530
25
9608
2371
4268
1424
7979
6029
1469
9319
5616
8827
2227
737
6822
6556
4573
5278
5745
2965
5291
9484
1556
8214
9001
7894
7304
7842
7205
6199
5761
6777
7560
3699
5728
4306
7145
1782
5131
7952
244
4667
1609
8097
9267
9877
2979
5629
7305
6934
9301
1817
7924
6441
3505
6216
8327
9720
4108
8133
1531
214
4388
4696
4434
9802
7814
6796
3063
4251
3961
3753
7119
7597
9855
1075
7880
3023
9984
7358
5064
1452
394
3301
3357
268
7073
7859
4013
4539
5378
3342
2874
4313
6381
1549
7724
52
1064
4660
5356
9906
2513
4932
1368
9585
3946
3841
7238
6669
207
241
6612
74
986
97
5571
4743
9925
9852
5840
8580
8037
3830
698
9069
9270
6411
5018
3664
4021
7196
6499
9238
4297
6821
1479
9466
8363
9982
2157
610
1493
4189
7940
6471
2293
5309
5495
6801
4804
9562
2830
1099
8316
1228
5148
8521
2553
3289
7405
9450
9924
3757
2400
4602
594
8724
5597
1213
5407
7944
2904
8772
3936
6847
2096
4640
4654
1909
3997
1962
8297
8577
7657
5582
1763
9201
4065
9759
9710
6379
2364
8360
5202
3009
2315
8346
6194
9285
7591
4005
1801
5564
6730
9832
2387
7352
8404
1173
3198
4675
2745
5414
1886
4744
4771
8661
2810
2802
8061
2286
4068
8365
2153
9798
1496
1135
1107
4203
4164
7976
9425
6366
2796
7397
8927
3353
4567
58
1590
2970
405
3590
2582
3047
1971
5393
5130
6797
5948
6674
4379
4940
4333
4007
1594
3441
3312
9629
552
6126
4228
7107
9813
9791
9980
6832
8419
9819
1077
5530
198
6990
4953
5317
433
3570
821
9569
6846
4298
6344
559
6219
4236
5657
1589
5694
871
4494
1024
1686
6142
3857
7610
5426
2366
8939
7897
7250
5576
593
7817
9930
7441
5671
7265
3331
6588
6328
5322
6210
3530
1915
1584
6
4130
4099
4497
3573
4526
447
111
7122
2267
1631
2704
7076
436
7556
7120
4690
6015
5941
8893
1275
2118
2415
678
2599
8069
9983
984
6717
8264
8492
3587
9335
7800
881
7813
6778
7889
4808
6667
6817
9632
6461
8103
4505
2521
6762
9986
7241
6410
8973
33
2967
5288
409
4190
4537
1598
597
9586
2912
1718
8242
6731
5480
2957
7398
3028
7607
3318
654
7428
3990
5704
1935
971
9181
498
3670
4525
6908
2592
7306
4234
3246
9626
7545
6851
2394
7133
8609
4217
898
1400
5527
8989
9606
7227
7407
8226
4641
5213
9158
3834
6883
2103
4326
3174
2657
4630
8543
5270
2922
6484
7099
7540
1179
8825
6628
7401
5423
5438
1192
4219
1194
4766
3419
813
764
9057
5245
3957
3137
1080
6535
9698
3179
9351
150
3386
9846
8081
5493
562
3251
3861
9394
9458
6702
1945
7678
3272
4748
866
392
6567
6882
9931
1566
2864
7626
2300
5901
5176
5890
5870
4740
1840
8065
7890
2130
5734
3165
9556
3521
7785
1521
7877
2146
2355
5002
4040
5276
9212
6117
9235
947
3717
4444
1225
5474
2181
2011
1234
9499
8425
8842
368
1559
8287
8988
8934
8834
9344
1307
6642
4464
1890
3334
2597
6138
1758
260
4952
7587
1740
8897
3659
7613
1951
8152
3182
8357
9816
8484
9580
7017
6668
444
3417
9123
8250
3127
9253
7015
9533
6925
9192
2463
625
2335
1027
2065
9149
9491
9621
8060
9537
4547
1191
1375
7615
3809
1422
3392
6302
8195
9738
4385
4374
519
9313
9055
9786
4998
2023
1082
6896
5398
7318
2498
9776
5617
6744
3281
1809
4546
4243
7260
4799
5011
2742
6415
4264
6714
1053
7255
3117
5929
7052
8629
6888
7129
3268
7841
184
6743
4073
9337
4636
6217
3730
8112
7807
2160
7267
6746
682
1059
904
4712
4028
9926
5110
9045
5282
2722
3485
2492
8732
6031
7216
511
491
8499
4308
5301
2203
4296
1344
8865
4361
890
7066
5016
3263
9144
2828
2346
5084
4592
3989
3880
1575
5769
4495
3772
2685
3071
5362
4961
4993
9277
4795
8822
9145
9372
3149
126
2950
6656
7377
7143
1110
3924
9838
3706
2932
3994
7620
1076
1777
9544
9895
2209
3159
4383
1786
6537
3685
6905
561
5368
3742
6022
807
7268
4642
4851
8818
327
5347
1449
6251
8889
4329
2827
3048
9082
9139
4163
1198
1303
478
2306
5003
7245
3097
7183
2960
622
6568
9602
6809
6561
7806
6146
3967
8219
9972
2948
4362
7376
4031
3877
2088
3145
556
6968
4819
7938
5859
240
9862
4273
8430
2310
822
8536
3617
4404
9588
2630
4577
2869
2032
55
4644
2135
7946
8285
5114
8177
7292
2362
3219
1119
4820
5275
3006
297
7686
7519
4756
4783
1992
5872
7530
3767
2973
7522
8884
9254
2614
1373
1712
1595
2445
6176
9073
3161
9417
3278
4071
3869
2598
1770
2416
7473
2927
5431
9682
783
2159
973
520
323
7248
5358
6412
4544
1042
6897
5568
39
9003
6795
4053
6813
4018
7007
7581
3781
2312
1978
2105
4552
9684
6254
122
2605
8121
7478
7450
3826
1730
6607
5618
1402
4322
167
2753
5234
4815
5609
9097
8844
851
4888
8351
8552
5922
3261
9233
4343
962
9020
4853
4300
2872
8016
3349
5622
9373
308
4231
8312
7069
831
1267
1659
8926
2783
4596
6247
5116
2026
3359
4169
5797
3515
3965
1237
8821
4583
5505
9992
6290
1046
7922
700
9252
702
7891
7508
5996
2651
6341
5391
4893
149
2698
4855
6595
1405
8019
4105
4576
5830
7882
7031
9500
1970
3141
8283
3010
9525
9148
2615
4865
7605
2655
8598
2185
9053
919
4148
8951
5851
4945
1495
9810
408
4462
4541
8382
2557
961
5888
7960
6090
4303
8301
6347
9799
2898
3934
3955
6236
2907
4850
7786
9044
4500
6844
9539
7756
1669
7888
4516
3865
3765
9923
4768
6109
3974
5682
8284
4146
4665
1759
70
2744
8258
7185
5189
5313
4773
7051
4376
7563
7106
7515
7697
5837
4173
2822
1188
2282
7020
4359
878
2017
4290
1187
7362
4562
1147
1950
1168
8649
1017
8736
7989
2683
687
3464
8739
3358
3652
448
7833
4833
7144
2647
6336
6168
3541
4957
1905
1355
5058
5372
9427
6720
7526
9127
3015
1771
4059
2264
5487
9649
1592
2324
3073
3056
9174
4948
1470
8899
8863
7572
9910
9775
2334
4185
5764
6256
5364
3667
3613
9563
62
8158
2195
9477
1214
5097
5147
1308
8983
8608
6127
4985
9844
8053
2391
7734
5331
9236
6645
5160
9430
6120
638
7517
3773
1912
6121
8173
5153
9703
724
719
3472
3237
4414
4612
1325
1879
2223
9747
8829
8381
7932
506
2728
4166
6643
5517
3802
6651
4115
7427
8317
7942
4899
3113
3918
7729
5677
7200
6725
7672
5103
6785
6478
84
6999
3066
5722
1898
2853
9740
673
383
740
3736
3398
9771
4631
7244
289
141
7449
2937
4565
9770
2772
769
860
8078
8462
8619
4922
6178
2929
8728
8134
7808
5203
2532
5871
1761
8117
6835
7497
6662
6649
7100
2935
197
1215
7936
6018
7627
3979
5994
2441
9289
6342
964
2332
5867
6424
9535
6132
467
2191
7632
4058
2215
8859
4717
9180
7659
3605
1151
3448
4588
7184
9827
5838
507
2676
7042
3887
9551
7510
8643
6285
9403
3067
4431
8769
8862
7249
2999
5556
5567
6009
1921
8628
9680
4427
8845
5731
7213
5432
3840
83
3734
3661
9504
9809
1113
2931
4908
209
2064
6961
4937
762
8141
4062
1660
2545
1262
5072
4659
6818
3300
8275
3752
9729
7371
8905
1812
2754
9919
351
5775
848
2824
5506
8709
692
2529
5052
1384
1153
353
3324
774
5861
9960
1081
2504
4184
2868
9891
3981
2911
6640
7211
1671
542
6319
5708
5598
3662
1074
3893
596
8120
2405
8203
2885
7875
1899
6346
6396
6878
7215
5751
1656
607
4220
215
9748
4336
9361
3812
6694
5667
3092
7584
1176
1509
329
1902
9439
5798
5661
5077
3390
6048
7326
7054
1741
99
4089
6769
3132
4991
7138
8489
5489
4889
3828
3608
3596
3783
7858
3959
5437
2339
6102
9669
800
976
7036
500
6949
666
6722
8395
6963
914
5956
9256
5334
8684
6854
4488
7447
3210
2397
4432
9917
8020
2319
5672
2406
988
4535
5208
2809
1246
7264
9959
2356
5608
4832
7911
7063
915
8449
2766
573
909
142
2418
3395
4818
8545
4373
8040
6487
6118
9213
784
6673
7577
5040
9883
9921
8745
1023
3557
5161
9072
2780
2764
2461
4034
4368
3566
6834
2923
2030
2642
1785
8033
8915
5274
7991
1939
7819
8586
4011
5801
5239
4417
5633
4672
4693
1713
2814
3140
525
795
8367
1414
5952
6523
2290
8495
1581
722
7652
4708
9226
7028
5155
9089
672
6052
1117
9397
8801
8559
6960
1624
8413
6994
7844
3925
6501
9880
1403
7941
6763
9654
563
1311
5726
1524
7754
8101
9913
1651
5639
487
711
2988
8798
7150
8015
6513
2725
5243
7892
2837
3732
5428
3266
9496
7907
7514
2939
9909
5473
2858
4022
7039
8266
6169
3333
2656
1001
1772
8804
3144
1937
7068
1411
7845
2691
6059
211
4256
5465
1665
5250
970
6224
5592
9362
5984
8401
8178
8667
8221
9170
6842
7077
4765
5151
2126
3623
539
7582
852
5868
3423
5199
3081
3563
4849
7554
8216
6051
8919
6503
4827
794
2024
2871
4425
3451
2314
9172
735
805
6859
4382
4223
512
1736
7156
2711
3676
5343
460
8524
5410
9881
9002
5302
9692
2661
3759
554
875
4150
159
2550
5162
9728
8945
9476
7491
4600
5335
423
8464
5048
6119
1569
8747
4484
3185
7947
6356
9030
5210
6998
4377
4988
1072
3055
4697
3125
3992
2061
7547
4741
2993
497
5739
9208
5812
7024
1409
7448
4897
8511
2156
3100
4443
551
3275
4699
2634
4736
7912
9084
5962
7004
4760
8307
8374
3493
7079
7848
5006
2253
8669
7950
8641
4092
5514
9746
5158
5145
6599
8406
6421
1101
3194
265
4542
4834
3306
6192
3121
4901
4401
6862
1049
8094
2938
911
671
9019
1329
3779
3607
5559
9590
8412
7170
2569
643
2724
8634
4846
3999
5402
6858
9817
9885
4156
1792
2012
3031
1255
3303
4873
2333
4340
3859
7669
6281
9888
7347
6449
2186
4003
1646
8318
9143
9176
1852
3051
8956
913
3733
3882
4531
5631
9154
9112
9564
4095
1710
4522
5185
1293
9474
791
3900
4594
5394
8968
9004
7121
5958
3239
7057
9558
188
1980
219
2484
6438
31
7558
2577
5674
9317
644
3388
3363
7679
2022
253
1645
321
2587
8568
5235
5513
5194
7394
9849
4083
1377
5928
5049
9150
5836
4950
2723
7309
5717
1131
3527
2539
3346
1005
3337
7417
9815
7663
3768
6200
6274
4363
3817
5976
1365
4126
1865
1537
3106
9781
8322
9598
9444
7103
2916
7050
5522
270
8595
2618
4735
6811
3646
2419
9251
7176
7270
6900
3991
9291
1538
8933
3245
466
6011
9480
7541
4314
8273
6955
9806
5979
9237
9942
7481
6073
7998
290
7779
1084
3808
6853
5602
5969
1683
1172
5963
7327
9860
7430
9970
6514
2329
6631
1621
9160
8502
7484
7437
480
776
2788
2491
2500
7465
1297
9268
6384
7157
2650
2791
1702
6875
6978
4854
5637
9762
5486
6272
1013
2172
271
2020
2010
1012
4191
8546
1756
2668
6772
2174
6552
2917
1620
7175
7750
2718
7953
6891
3037
6953
2894
7146
4328
9686
5345
7972
2643
8206
2867
3474
7489
7254
8748
2336
8981
2770
6103
9012
4428
6712
2903
2601
354
116
790
6921
338
6601
2354
1037
6082
6417
2755
1638
3811
2098
9022
6969
691
5035
8411
9628
8840
2909
2627
655
8108
2179
366
9040
4136
1943
1404
6408
4894
2901
6760
8620
1613
9234
3078
3369
3400
9659
9013
8935
2563
4267
7240
4738
1304
7070
9396
5889
1137
6335
7580
9275
5784
4715
6479
6984
9858
7705
5917
6279
7725
2079
403
2101
3796
3186
8528
1108
7348
8567
6909
6758
8918
7486
1134
3615
6600
2716
3355
6255
7822
9687
7542
5418
8510
3950
9320
801
9136
4143
9209
9640
1302
6751
6385
4227
1186
6044
2535
1929
3935
3170
305
6154
4862
9949
9505
3791
2385
2741
2559
6912
8398
2514
8109
6033
4463
4193
4094
9435
3522
7975
9051
1031
8199
474
3171
8953
9103
6436
8035
6713
8417
817
8277
4802
7688
9899
2446
8704
9955
7485
5383
1667
509
5466
1136
3618
6641
9850
4923
2666
3758
6773
499
8538
3143
1102
3256
9286
2298
8305
7302
3628
7008
8396
8767
6872
5744
726
4492
3408
6543
5856
2579
1757
3731
6139
1546
6292
424
9459
1703
7421
9834
8691
4661
5057
5096
2440
359
2438
5824
8376
3473
1819
79
7098
9353
6804
1729
2392
5400
40
2104
9215
2327
5970
7955
266
4044
7188
5566
5557
1419
9295
834
6093
8340
4996
6496
2291
303
5876
316
4436
2829
7372
6706
6173
8514
9202
1473
5647
4761
6938
7714
9410
3332
2558
3429
2222
3585
753
7691
1231
3621
7193
7763
5341
6300
7898
6076
4179
5832
4620
8225
4770
6664
6233
705
9324
7278
4762
7984
8717
9272
7881
620
9876
8280
6603
6740
6115
1464
7373
3595
3270
1446
9018
8706
7414
1160
7863
6215
4323
1734
2099
136
8854
5119
942
3744
6790
6704
3635
385
905
7434
9445
4509
5271
1723
4375
59
6439
4685
5777
616
7044
4646
7899
2193
462
2632
1425
5660
9804
1837
5975
3641
456
553
1663
6918
9704
2168
5693
2877
4872
9108
7319
859
7723
3789
9025
3977
2726
2027
8937
7314
3168
8542
6071
9755
1301
8991
8931
833
5188
1460
6392
8011
1820
8130
5863
4726
9943
6644
8172
4442
2033
9088
548
2879
6536
3891
3829
6246
1774
2081
61
4718
412
6504
1352
7002
8423
8257
378
8184
2116
1178
5482
9316
9707
5308
2226
853
9625
6565
1128
6752
9257
8466
2220
5411
7573
6450
6452
6074
3647
4749
3380
8665
4131
5490
8861
4714
4479
1318
1070
1277
7719
2042
3415
6263
6340
7174
1519
642
2467
386
7770
2603
1829
4629
1860
9138
8063
9646
8904
6365
7041
1492
8189
36
7139
389
3099
7623
6614
1936
4051
2612
7438
8281
2474
5294
8224
7350
7818
5355
3941
9954
4995
9330
7937
2921
9596
9357
4617
2217
8370
2537
5932
2493
9905
7064
5138
3743
1290
4533
4753
9904
9981
3922
220
5954
2687
3005
9950
4861
849
1487
5298
3131
2448
1499
1184
6922
1347
2670
2125
1423
6377
7603
5974
3571
3479
3945
3601
1109
4281
4823
9043
4476
7993
958
2060
3580
2199
1292
4100
1309
4729
2180
5094
7367
7440
6586
6493
6510
6879
5065
6545
4958
2616
7680
9829
9609
2591
4615
9249
6358
3578
4860
9284
6745
3894
8279
7604
9406
6464
1106
9699
4151
3204
2289
3863
6021
3014
3745
6534
1035
9350
388
8700
8478
2811
6204
360
3803
889
5425
168
2986
3277
3164
5815
404
3089
5477
3344
8334
5741
9389
4258
2914
8979
3274
7014
2987
4520
9494
1815
6326
9014
6222
380
2515
8944
8663
1673
6024
1543
8876
1478
2862
1455
4764
2163
5464
4171
4204
7851
738
710
7208
2401
4477
786
1254
6207
1650
2236
5430
2644
3416
3072
5993
3233
6683
4792
2425
1544
5496
1783
1746
6056
5659
2653
1642
4987
7708
9395
595
5422
697
7504
3603
5957
5206
196
9033
9451
8237
1633
2318
4458
6771
2602
5934
941
7782
3269
6670
8654
8436
991
4560
9673
9296
8756
2719
7811
9380
9364
6789
8159
4200
9951
151
9464
7569
7110
3821
1083
5762
7287
6025
3970
4622
6637
1061
6008
3658
4088
4538
8617
1282
4938
6374
3973
885
4280
2573
5772
844
4692
3436
4399
9839
1043
7716
1364
8299
8964
2729
4348
5435
1240
1974
8240
8971
1236
5036
100
2842
1045
1603
1901
8562
8018
1086
2100
3230
1185
2238
3845
5913
1913
452
2863
5989
1606
87
6507
6456
8476
5771
6041
9945
4470
9258
6621
8731
9582
6505
745
814
6786
1880
2184
5774
2442
9126
5533
89
7771
5068
5448
1693
5001
2678
4454
6633
2123
7209
9171
9219
9808
6124
7134
9387
631
6729
2433
8797
4679
4707
953
6518
2733
6391
4858
7113
7622
1938
5697
9641
5599
4211
7355
5712
2275
3192
6337
4604
2639
5532
7492
8683
1941
201
1372
954
1025
6198
2859
2786
164
2854
7125
9050
5316
8475
5403
4794
2611
3919
6494
677
6757
9958
6345
3032
2625
5086
1294
4257
1182
3690
438
3728
614
9510
7895
2756
4725
9652
9478
7982
8890
3883
7336
3937
9557
2543
432
5012
3243
9441
3856
112
4023
8486
5441
8808
7588
4024
3437
9075
8418
2876
7838
2540
7380
7732
8977
9411
1461
8212
4356
733
9683
2584
754
4788
8146
1705
4616
5579
8450
7611
7142
969
9026
9522
9469
7606
6692
6037
7357
8959
1739
1535
6205
5805
3722
441
4357
8076
9987
8614
6590
5884
4139
1743
8400
1244
7330
4351
9315
1161
1000
6657
162
1854
7117
4900
3181
3329
7878
4380
5534
3042
6197
6687
8677
5272
6354
8469
1802
9743
2681
5511
4965
3017
3057
7988
8547
6220
5981
1490
2623
900
6293
3095
5452
6608
4079
2047
2451
3858
2648
1300
3739
7235
876
2019
221
7179
7152
3129
1614
7903
4332
6890
7251
1063
1991
6965
6871
8422
9701
7329
5610
6241
713
5053
6147
3457
8192
6606
5850
9545
605
739
8910
6559
4121
7210
484
7385
4730
1510
1281
8079
5260
9868
1907
1869
9008
7454
5044
8998
7733
4038
9670
5787
4168
9086
8785
5196
6066
5638
9189
5079
1955
1981
7375
2977
3820
3016
9155
5485
6429
4469
9956
5354
8431
1241
2477
757
7921
1408
4786
9892
3708
2204
7005
3074
4496
6038
5686
1092
5286
5279
7973
1417
4305
4524
1220
4796
6952
1048
415
1257
8563
4438
5476
836
6477
1261
4843
5786
6864
1247
381
946
7459
8333
9078
6250
5101
3726
3377
3102
331
4891
8715
4242
4254
4599
4468
4128
3793
9281
2843
5640
8746
3598
1051
3653
8513
9332
9369
1073
4838
9645
3943
9843
7901
8793
2865
1130
26
4970
6742
7648
8508
6695
3819
2925
7169
4982
4670
857
2408
6663
9483
4779
2278
6243
861
3693
6602
6212
8379
7598
9875
9915
6203
3090
5444
8042
5866
5845
4632
4944
5030
3931
5700
6575
4015
5348
1534
1105
3648
7753
8755
7765
6521
6289
3737
5653
8324
4703
6152
4801
7948
7111
2749
3498
994
251
9882
1884
3217
2795
8329
4070
576
1855
8131
8583
8142
8605
2439
8003
3839
1322
5848
4831
6761
1143
9531
2580
9526
1719
3
9732
4457
2250
7480
2294
2107
1448
6799
6681
9457
1969
3928
1557
7345
9205
2043
3762
884
9005
5977
8154
1827
7643
2144
4266
1326
2162
3535
5606
8458
4595
3287
4506
8913
2412
4920
8362
3336
8673
5446
6491
4407
7368
4514
1426
4841
8077
8414
2004
3183
4253
5385
9542
5862
7789
8708
2776
9156
5782
9211
3769
1507
5535
4331
5263
1896
8652
8104
9548
8084
3101
5931
7534
716
2600
2171
3529
4835
8036
2165
4294
3397
4686
4039
7802
1747
399
1612
2715
7498
689
1851
4739
9265
3847
3064
3069
3516
7258
9780
8369
5696
5111
1697
755
1920
6647
5132
8651
3905
2395
7344
6084
7742
64
5529
8741
3461
4925
5238
5695
7983
8877
6295
2528
8447
571
3705
5813
1359
4830
7429
8230
956
4906
3367
7131
287
1762
7896
3533
5546
829
8626
7721
1310
3343
4222
3283
4621
6111
6636
2431
9723
2091
2430
2497
9106
281
2152
8039
4652
7009
1341
3035
6945
5005
4635
7943
1979
5702
7712
6296
3108
8267
24
8924
3577
4110
3657
7628
345
9264
9592
9578
6460
7065
7923
2906
8572
3212
8835
7574
8319
815
0
618
9232
1824
2173
1270
235
9922
7299
3983
3559
5685
8361
9339
4566
6750
5858
758
9869
7631
317
3224
277
3799
302
1204
6530
6685
1052
9398
8589
5471
7374
7482
7528
3172
367
4775
4304
9493
194
6343
9830
5549
2014
4262
8157
9989
1733
6829
1382
3836
9311
7424
4951
9185
2812
5227
6097
3814
527
143
3115
1146
2996
5257
1028
5427
1126
8481
6604
1844
5078
2564
1026
2671
4555
5968
153
1057
8463
4410
9900
5021
2429
5329
4035
2048
7026
977
3620
3096
35
2041
267
9114
464
2036
2301
8139
4933
1306
6511
2423
1242
1563
3427
9047
2410
4125
8071
7116
1415
7555
516
2765
7766
356
3476
9785
4578
396
9065
1878
780
9046
7617
3888
8896
2466
5716
4338
3091
845
132
3838
3778
5911
8252
8792
9183
7282
7154
3267
7058
4046
7186
1781
4666
2846
8851
1610
1272
3177
9600
3424
6498
1578
6753
4668
200
8161
7629
6226
8126
9861
9345
8326
1767
6085
2407
125
6605
6517
1062
9997
3279
1956
9481
6828
5102
6034
4158
2951
3581
2568
1653
3703
1744
8685
5753
1567
2712
7479
202
4628
6394
8539
734
6419
5555
3105
7018
858
1954
7760
5314
8227
3816
9151
653
2771
690
6570
1233
3458
6321
8820
6466
2035
3760
3111
7286
7564
1748
4325
7871
7930
3852
6276
7303
1821
8090
2279
1727
5643
4980
2984
3234
3679
5820
6708
2664
804
9990
60
2952
1343
8068
8712
128
579
2570
744
4186
2736
5115
2420
8290
6766
264
3721
9581
536
490
6623
9186
6699
5738
2750
7872
2620
8
1940
8819
8364
3004
5914
4129
486
5542
5186
7737
1528
708
8759
8038
1299
1348
8352
7873
4060
1265
4182
9241
944
820
9979
3671
2321
3339
3901
8705
752
7521
170
1115
4019
3602
5128
4844
3199
9061
4734
989
3899
3702
8676
9338
7905
3520
5027
3407
566
6497
6962
9479
5937
9619
3038
6638
6153
850
3911
4618
4720
9162
5051
5259
3223
5106
4113
88
2148
5307
6593
8522
7194
773
2490
5481
3238
2481
5846
8073
1764
4192
3450
8591
4709
3502
4585
9811
7190
6850
8207
4839
720
3701
5646
7999
5125
9894
4669
2128
2789
6976
874
2464
7442
7784
6619
9947
3259
5453
1219
9200
3655
5454
3495
4586
4713
7495
1722
9872
8272
604
6489
4269
6181
3405
9679
8637
5883
8923
9823
9449
1444
5721
8722
3517
7409
826
4118
9550
3804
9454
7747
5143
4824
3547
3447
2351
8526
3822
8802
5232
1542
5683
1367
9218
286
575
3482
7386
8451
6060
8992
2705
3360
3443
51
5231
236
684
2803
9824
4728
3715
6072
375
1883
5766
7761
8465
9166
2646
6141
4317
3874
5942
5543
6540
6550
6187
1916
8693
5843
730
9399
1280
6705
9250
4370
7420
1020
7985
4983
4201
3805
3244
1701
2
1014
3582
8089
9897
4785
2398
6167
1152
9391
1989
48
3455
6028
6213
5303
8721
4285
4710
7206
9175
7191
9988
4287
3335
4486
1881
1948
341
5991
1864
4926
8660
4868
3785
2110
1716
937
4174
2059
7189
1245
8416
5258
6451
8446
4609
3594
2880
2640
49
2207
9644
3391
8432
3265
1218
6350
6431
8587
5187
4507
1416
4076
2338
3003
1380
5621
8906
8123
3040
3848
469
8636
3000
2427
5026
1243
2695
2235
6362
7274
6873
9514
8592
9617
4797
4394
2675
233
4881
7325
5904
1011
5936
9428
568
4309
865
2730
4671
1175
9642
6322
7529
6480
8963
9223
8074
4719
8129
3920
3538
68
4286
9966
7399
6298
2270
3749
4157
1056
5545
2782
1418
7870
5759
5059
3897
9618
8795
3555
382
5896
6736
2453
6307
6113
6880
8046
2094
3226
7827
6180
295
674
3675
6490
4392
2039
6140
2508
6775
3323
4990
9571
3079
6776
5644
5742
7795
3109
3297
7683
3130
4418
6774
9328
5823
9792
4702
3151
7296
3128
435
7748
6032
5800
7444
6728
9093
2908
8024
8571
450
1078
9193
3356
4415
5375
217
2883
3216
2652
5893
4275
8911
6428
2080
4499
2435
4449
7016
641
9896
8733
5022
5498
391
6123
2968
9963
4914
2645
3794
8986
5240
8014
8852
6010
2337
5869
7023
7752
7060
5443
9754
9884
138
1162
5287
1800
4688
6114
2792
923
288
7839
9968
3371
3252
5152
9184
8782
952
1868
968
3316
3396
8675
9125
4077
4981
4637
2248
7720
2368
2751
6186
2566
767
3317
6405
5470
6980
7681
9325
3153
920
4754
3750
5821
4603
1804
2588
5169
6770
3196
4716
3422
3544
6920
4198
2450
6058
4178
2994
1387
9052
5519
2086
2522
1346
5159
6654
9260
1378
7502
7108
1120
510
3645
6558
2636
4791
9230
1539
6019
2511
4969
4433
223
6572
6784
570
7220
8995
816
4364
1582
2305
8118
5796
6406
2093
7204
9521
7599
9382
5406
2926
7909
1787
6062
3374
1995
8055
5204
410
5776
5416
2085
5577
3163
7369
3956
27
6260
7342
4475
3633
9104
364
9312
7614
7965
8831
6393
5177
6927
9878
7956
8794
8174
4334
7661
1652
6422
37
7159
2758
5483
1513
8773
5878
9269
6836
9597
830
2721
6625
1843
2851
896
7237
9037
7773
133
7410
8455
9622
3718
4152
2774
9937
5484
5353
9871
7101
7040
6635
7097
9685
4848
1239
7408
6476
7488
7887
3486
2071
6239
2848
4575
3341
2680
1618
7995
3523
8952
4907
9998
8525
5055
4954
825
7868
9751
4704
5793
110
2958
3428
6435
2886
8990
3960
7281
6650
335
3575
8686
546
5778
2538
8064
3264
5390
7836
4291
5923
649
4321
2243
6390
7585
3910
8444
7768
5157
280
6351
8726
4133
9841
8515
8584
7834
8439
6020
3640
6951
939
1339
4559
5507
2141
714
8201
2115
8921
5733
3008
2393
3998
8070
7831
2303
9560
7311
8185
2322
1121
6036
8485
9147
8204
1391
657
5626
9475
8402
6594
741
8996
4452
3902
5921
7021
9379
348
8640
6857
2823
696
5413
5062
4482
4529
2674
8113
7128
6338
1923
9793
8624
1327
4681
3795
8843
9133
9446
2302
5281
1266
2507
7951
5720
7825
3755
7126
1848
4747
3169
9789
3313
6935
5770
9352
940
5504
1420
630
3276
5847
3549
6283
3944
2896
2073
6012
400
2955
482
9696
91
6440
6443
9462
9348
9017
1576
2663
9962
6788
8783
5366
8127
8864
1397
8000
966
2682
3295
4437
7257
6954
2273
293
7338
7226
7986
8518
4689
6414
508
4409
6996
3672
8271
772
8830
4033
398
2928
9401
3624
2964
1431
1208
802
3327
1666
3314
2443
5910
3634
9197
2821
7698
9487
5781
2237
1501
8707
3361
5046
2502
1451
9993
5363
9420
5472
1765
4440
5537
9294
3321
9290
9509
5242
3399
312
6971
9283
269
9854
2816
9443
9991
1996
2097
9343
1750
357
4101
2512
6488
4821
2363
1207
732
2595
5295
862
5999
3075
4289
4759
624
1931
6334
2262
2121
2808
8388
3870
7832
8415
8662
2299
1737
1171
6981
6023
9653
8612
7339
6569
5218
2887
9708
4561
9713
5933
7061
5925
1439
1312
1104
4047
4803
7551
1597
4653
5988
7466
894
5946
4102
6520
5899
7826
7997
9766
7781
9697
9262
6375
3290
8917
3763
9778
1450
8806
8387
8653
6655
6248
8727
1657
5531
358
7271
3552
9952
9169
6080
3292
1125
3385
3576
2092
6472
9371
426
4153
294
5650
8532
6306
8057
4045
5300
6413
577
5656
5912
3124
1745
5467
8088
1127
5183
623
9612
4344
4020
5074
2866
4122
1399
1830
9957
4986
7612
384
5014
9520
9807
5450
7256
3774
5328
2980
8976
2576
9255
7092
7746
1797
4066
5515
9714
8734
1687
1251
4086
7876
6820
9248
7463
41
2763
6208
1867
1427
2196
3370
3351
472
9508
4997
5565
5089
4037
749
7904
2524
9767
9489
4864
5591
8140
1807
7231
8092
1398
2804
8823
4842
3060
4772
3695
7229
7366
2856
1429
903
7992
19
9298
982
1170
3770
5980
9271
4124
1445
6007
8809
1036
1985
4916
3139
7590
648
7224
5806
6911
3001
7571
3551
5388
647
8138
8128
6184
3087
9157
5755
6825
7699
4345
1435
9985
9308
5587
8509
7736
9029
6078
5336
3123
1822
9279
9432
6110
1957
8812
6483
3208
2536
7854
8966
7850
856
6553
8908
45
3434
7425
2746
8870
2349
5061
7595
8901
9377
6529
3584
1298
2735
564
9042
7874
895
7649
8570
3933
5468
1335
9307
8188
7809
978
8847
4935
5613
4448
3020
2571
2748
1169
3480
2593
5713
3406
4633
4004
6388
8690
1150
2547
298
5283
9541
7411
619
8171
1953
3189
2840
7453
5736
12
4650
3969
7630
4658
8895
1629
5658
129
6383
2263
715
3368
7290
3299
8246
5133
9668
934
6125
8970
7104
5900
2367
7027
9803
9006
2769
5601
9034
8946
4924
8371
615
6907
4175
6359
5205
4896
1732
5463
4216
1316
8314
8753
2805
9532
2268
9021
3147
4553
2241
2052
5488
17
8699
9452
9935
2280
465
5190
5045
7711
4238
5455
661
4087
4342
2548
3980
2001
2409
1776
7003
8762
6693
8390
521
5746
7387
3444
7247
9506
6064
8929
665
5574
8005
106
8437
2386
9472
2311
8791
8961
4063
429
5528
6282
8541
8373
2517
9049
9865
3098
422
1111
4684
8116
4132
8627
4202
9594
6273
2677
6333
5237
1370
7219
5645
4014
5810
495
5262
701
6014
6089
9326
344
171
9549
3107
4358
3637
6043
6585
5377
4911
4627
9498
7412
9404
6401
2969
6863
632
766
5663
5908
6970
8353
2525
3968
7083
8244
2888
7162
4548
4279
4196
9374
5150
1393
3604
7297
8674
3018
5146
8467
1436
5351
4767
8720
4977
4800
6444
3157
7090
1680
1284
4774
6447
2372
5773
5025
1195
3588
470
5857
9153
8601
975
9
4829
8344
5641
3599
6081
549
6053
7962
9837
1836
4695
6506
3700
9278
5752
3045
9944
243
124
9091
4172
1489
161
9964
416
6395
279
1926
8179
4960
4403
5457
8632
195
8688
3061
9282
7091
9749
6309
5338
7334
587
5585
8672
6162
8666
134
8581
5458
8928
5491
2358
6792
7493
2360
8211
230
877
7701
9994
3921
1619
6814
5129
7653
6589
2399
1726
5669
5891
7602
2140
7132
3545
6329
3593
2208
4048
4104
8029
828
2340
6238
6386
6159
513
1623
8886
5318
9873
709
8498
3214
6727
8241
9413
7971
2520
2089
3280
7593
4246
7835
5944
8166
7954
5019
3296
3546
9099
9552
4898
5144
5675
1944
5666
2924
7744
2767
9173
6404
2292
3851
6849
245
2090
6313
2621
4274
7715
4866
3120
6160
4481
5828
7276
4545
1866
8750
4909
3298
9787
8295
7980
2114
7549
9225
8630
9999
7758
3972
5047
6065
9636
152
2374
6372
8920
8232
8100
8569
3262
5456
9716
8786
9768
4638
6989
5220
2479
2316
669
4836
2590
468
1197
8533
340
2046
9460
7793
2224
2542
8293
1966
5961
6579
7166
3867
3632
2050
4757
7722
8761
7151
9292
4232
1022
4722
9734
2378
5807
8072
6448
5707
420
963
9300
5212
5611
3831
8213
2288
1530
7389
6092
1602
2820
4327
5193
6546
1927
8557
5337
4813
7645
54
8150
3467
8043
3909
4489
5548
6195
2478
7503
3864
811
6112
5783
1331
8506
42
5201
5297
6802
5449
5951
3771
4649
7203
5750
1511
985
1994
7349
5344
5396
4450
393
3325
9790
1973
584
3490
4947
6026
7548
8429
6177
4000
8603
6075
5034
5789
9907
1647
8160
8256
2860
1828
4084
4456
7055
4335
5758
4371
65
7433
7233
6541
2727
7707
2476
6867
4311
7964
5332
7592
7172
2206
6519
8086
5255
1611
2793
8932
5461
950
5844
2216
8579
5252
8309
9060
9889
4984
6973
5698
5256
127
1336
2122
2138
3286
932
5017
13
4508
95
1684
8828
6402
7446
2403
4430
8048
4230
4845
8749
1058
8796
9779
2963
3622
918
6680
8900
9229
7728
1504
5229
3330
1462
3625
1039
7155
662
8337
6868
6509
639
990
2183
8245
2844
4972
910
9323
9996
3083
9695
6848
7538
3548
6899
4054
4147
4856
7171
4705
2847
4515
6741
7675
4471
6042
5662
9605
9129
9693
6446
2527
5037
9305
9354
872
4138
7637
979
5670
5649
2272
6906
5326
6615
5292
325
675
3438
7767
9570
8391
8647
9182
8091
6928
1919
8777
1675
343
2956
3011
6620
5967
9788
2801
2068
9378
1637
6707
6884
1004
1091
7468
4698
5570
4036
1728
8668
8888
5417
1118
6409
547
1456
5254
7799
1630
7395
4812
9220
1850
9503
1338
6284
4724
3524
1888
4420
2258
2731
4963
9424
3195
1350
9228
2743
880
5379
8181
7317
3471
4042
9577
6068
8646
6230
7081
2982
5701
7168
2679
5877
2606
8349
5935
7552
1157
9214
8218
2706
5494
9070
8471
8978
5365
8339
2622
7893
8359
931
1526
1960
9048
7321
5098
2240
7641
4012
1440
1984
908
1755
8621
7961
2054
3562
3227
1205
635
1548
395
8125
5105
7910
1579
1276
6903
7777
9096
9927
6353
3112
8738
5182
2910
5311
882
2826
949
8426
1754
3366
7445
9453
1625
867
7774
339
6172
7726
4590
8799
6190
8051
9340
3756
550
1933
7682
2825
9463
8080
6937
9583
4579
3964
1328
3348
3086
5136
1856
1714
9470
5986
2063
7046
6096
9115
929
3466
6549
6348
1517
8220
8148
4491
7223
7455
9689
4398
7864
9007
2277
3952
2878
1317
8907
6280
1641
81
6555
2983
3231
7601
1459
9513
4521
4737
8507
3352
9038
6748
906
1476
2773
4292
9187
4727
8594
3629
6943
8599
2692
8114
5521
4677
3404
557
743
9179
8153
9576
1529
6235
8093
4859
7579
5267
3923
5992
5249
94
328
704
2619
9368
6833
6639
177
1580
2231
869
8710
7957
1486
2025
3487
8613
1626
8811
8155
1692
2562
2213
1695
3030
4485
2575
6214
131
1484
2465
4180
2459
7006
9512
5020
9027
377
9501
7378
1089
2413
4056
2981
5864
7684
2637
5792
2269
6325
7164
3338
6145
6105
6158
4610
7262
7443
9081
3026
3766
8789
369
4619
6926
9087
8909
747
912
9784
3347
7906
1211
4114
8575
9216
4511
580
7849
2713
417
7757
1965
818
6780
9742
4691
5624
810
5226
3787
9098
787
9367
5405
9414
3988
227
3191
2384
9718
8494
2151
3309
6929
601
8087
3394
8531
8500
5107
5459
2946
38
8460
6808
5748
9490
6420
2483
7293
5589
7713
7981
4199
9616
1447
1248
4142
8183
3340
6183
7093
5122
8903
226
3291
6557
7916
2546
5920
3746
390
8187
6782
3885
6151
7867
8548
7038
2949
6564
7127
7812
2182
1475
3824
585
1067
8725
5594
4876
6416
9085
1471
9750
6261
9712
5236
7118
8228
3122
9178
3154
9634
7738
4746
3531
5180
4461
2256
7439
1508
8191
6297
2555
5174
8311
7843
6724
7045
1054
5690
1183
2016
5109
6196
291
5875
2471
9342
1323
4017
5518
6069
8007
7071
2328
893
5816
479
606
5306
8780
5808
3583
4181
5540
706
6000
1769
5689
879
6576
7512
9934
8602
1704
3506
8058
6684
8800
4177
4406
538
6845
3917
4074
4949
5588
7222
8202
887
1321
5293
5241
6992
6803
2190
5740
2239
9515
8635
8529
9426
4396
3320
9603
3665
5718
9671
9299
2798
5554
8874
517
2890
7665
9627
3780
8618
721
680
3469
6106
3698
1512
3627
7074
7638
7600
85
7451
4395
1407
1636
3496
8253
2734
7201
3801
7546
7640
8044
3215
7396
9733
5895
2638
228
8590
1457
8235
6209
4875
3043
6418
6360
3207
2106
6228
326
6923
5054
8555
7095
8480
9610
4927
9702
9198
4167
8163
5124
5524
5369
1738
6677
1655
8869
5029
9407
8894
7130
9467
5642
4814
3696
425
9630
2455
5304
679
3372
2624
6827
8008
6592
9833
3088
1961
3304
9624
5139
8169
8954
8744
2893
4001
8186
4934
8778
7801
3556
274
9903
2200
781
475
3687
2501
1925
7236
258
7624
285
6077
1654
5038
9304
6881
9074
3751
5898
3534
9370
9763
5067
2077
2255
6455
4435
983
5819
9227
4250
9519
8296
8286
8912
2219
2784
8551
9437
8564
3257
5826
8263
2697
9777
586
935
6371
6700
199
980
3509
320
1401
3459
4558
8145
7477
1288
4197
7279
8274
9589
8716
3034
2007
4097
515
4569
4098
1279
1932
1562
1949
6486
8424
186
3798
7792
6136
3046
7650
589
2693
2701
3414
5727
9442
1910
2740
7308
4155
7621
7824
3927
9534
3435
9016
5841
2265
8265
1681
6887
7147
2245
7860
8849
8358
6793
8883
3365
891
397
5135
5083
4082
2002
8999
1561
2155
234
1796
1976
4307
6759
113
4847
1982
418
7019
5228
7340
4316
2254
5080
3508
5172
9128
2252
3136
8366
190
2781
7487
5688
1753
3903
1066
1806
2556
1778
5
8164
1167
9800
6400
4883
1658
1289
5965
137
8002
263
6616
1798
1333
1997
5735
7751
2690
3692
7586
6597
3639
6525
4623
7198
2839
3242
6902
5127
9419
7214
2074
8454
5421
4347
9393
6942
9658
2976
6895
8410
4043
3898
8343
3025
4263
5743
8443
7291
9206
6131
9842
3942
9663
5687
8262
9131
4574
3738
9402
9134
109
6783
2084
9190
4879
2554
7182
8975
8433
2212
8054
3409
8289
2945
1698
2635
2920
6201
2029
7269
6389
181
8180
374
5779
6767
3815
8062
2852
6040
7452
9902
2082
2717
9280
8867
5508
5822
6467
3439
5754
2187
9559
5909
6686
9661
9847
5050
916
2390
1889
6211
4674
6646
7370
8106
1467
1988
4195
1273
7531
477
5015
7167
1210
108
313
5289
3835
8850
9717
3311
3949
3895
8902
1250
347
9246
7228
2997
759
1998
5360
296
1721
2188
1972
9568
5221
6544
2369
5573
3754
4787
7805
3039
8300
5903
7740
387
7467
7413
7886
9805
5943
3727
5492
29
3203
355
3053
3492
2057
5197
2567
6101
4657
4032
5523
8393
206
7566
6323
6262
7272
2028
9898
8719
1138
4587
4656
4810
5004
3720
3511
6303
6697
972
3550
1570
6738
652
3410
3873
2845
6148
5175
1141
6582
7275
4439
2136
9217
7658
9306
4979
3178
8247
8642
7351
6560
9433
6087
4905
658
864
8770
7034
8833
9821
8335
5216
9595
8775
4320
8368
8268
8853
5357
5224
4241
3180
793
278
2998
4490
537
4598
3076
9240
4551
676
5285
3284
3062
1794
2192
1156
4493
7929
9741
854
5947
9969
7507
9752
2813
1259
5692
2818
9095
1877
2087
9567
1892
2304
3402
7469
4825
7298
1615
4091
8330
2989
1140
4534
1555
3976
9121
4288
5195
9207
3068
2076
1795
7178
5604
9826
8885
1181
7363
6061
4085
481
455
2447
2353
4890
6088
4061
4069
6170
493
5839
9863
3807
503
7199
9310
2775
8124
9540
1396
7011
8459
2055
5749
8866
5724
5178
154
4607
6161
2246
2889
6609
6485
5885
160
4706
6986
6910
5664
8304
921
688
8813
5478
8887
5269
6610
578
8323
2944
2572
3854
9677
4978
6179
9336
2506
1360
2659
1230
8006
9814
4643
4942
1283
1791
598
7415
8616
4806
3041
1252
1591
2918
2134
427
7288
53
5087
4784
6747
1021
9412
1260
8776
8696
541
6852
1724
2402
534
6432
9130
695
9400
7280
8331
3173
7970
4777
7994
1374
7392
9971
5392
4992
231
6174
588
4119
8135
6462
9774
4218
6367
6787
2574
5833
6191
8898
9773
1583
3810
4557
5926
3740
1472
8805
2325
1158
8453
3103
633
9538
4874
1044
6979
9456
2934
2609
7884
5447
4971
5550
8729
2954
7635
252
249
1453
3454
4209
555
47
1363
8194
6278
2510
4295
8549
1148
9769
8784
3418
7925
1946
318
7677
1760
2169
7022
5536
1497
5950
4447
8519
841
15
4009
7158
3500
9976
1098
7908
4837
4354
459
3116
6532
996
1588
9724
1392
3162
8622
7856
8832
23
6047
9648
4870
6163
7462
729
8315
3684
2345
608
92
9611
8017
5117
2167
6189
9341
8610
5171
8482
7857
1433
974
528
7694
9495
933
3663
3630
8779
3619
5382
5799
8270
5680
2589
6870
3477
9142
8875
5142
9434
7333
174
799
5747
5191
7383
9736
5998
7500
4081
9719
1314
9124
9365
9177
2794
3440
9587
7324
5095
1600
2785
4109
7033
4523
3453
1438
1060
626
4064
1441
6723
3871
3689
4467
2379
540
218
8012
6985
3912
5192
6166
4240
1203
8856
361
7618
8764
9497
144
2070
1015
5415
5121
3776
572
925
3686
1357
7180
6941
4319
6671
6079
5516
8837
4160
7518
4840
9715
9744
1749
332
9062
5525
9165
1682
473
6991
3792
5401
2404
6948
2482
951
7749
1887
779
6839
8170
282
6398
569
1094
2665
2915
4921
8868
9102
840
7704
7505
9381
4904
5230
2170
2234
9639
1263
505
1114
371
8878
9977
7862
9375
7416
5323
1315
2966
2696
4213
5715
5088
6754
4393
204
5290
8681
4530
6840
883
1788
6919
146
5580
8028
2317
1668
1142
4225
7523
1550
5085
8345
4936
7501
9507
8251
8994
8737
2347
1891
2013
3926
6129
768
7353
8936
1286
2343
239
2703
1845
8841
7043
9028
5635
3220
9119
1522
9797
3294
2436
8558
6975
4498
4663
501
8306
3642
943
4154
3953
6231
7346
945
9245
1640
9076
5330
4341
936
609
4639
1964
1079
5737
4229
1768
7559
6277
8075
8156
2421
761
9333
4780
2732
8972
760
8217
7837
4701
785
5273
7731
4502
191
995
7072
3158
166
7662
3094
7137
4903
8107
3002
855
2260
4134
8249
3963
9655
3507
8593
1799
6726
9890
9938
9620
1627
7702
6915
3518
7436
835
3884
1196
3253
3070
6294
8332
1766
8208
1876
69
8049
3761
7791
5315
5156
421
8645
3375
6531
6308
5612
5209
7475
7105
6666
6275
965
2531
6165
842
1491
3225
1421
667
8023
118
4751
1593
1371
5419
350
2790
8445
9161
8350
2281
3741
9651
324
2475
9614
3193
5165
9418
5244
5829
827
434
30
3308
1999
3176
5705
4721
771
6675
9856
7218
9566
6288
6267
8421
8282
8537
6581
9879
6474
2974
812
796
7525
897
7963
9933
2971
4798
2762
3501
2037
8347
9948
8041
365
9461
6175
2757
636
1833
2095
9415
5268
8233
2905
8050
7935
5009
76
5166
1221
5804
4817
1784
8461
6339
2800
4127
5380
6039
4419
999
4605
3553
8938
7085
2505
8960
9347
2596
5198
8553
8949
8434
7633
1443
1038
3823
4929
8687
43
9068
8566
2083
3379
2838
9009
4445
2610
9911
1793
2251
6931
8711
4248
8611
6437
3680
9801
9167
5553
5024
6515
3532
2541
777
3832
6245
7266
6732
5949
6904
7829
6876
5788
5359
7499
8438
4016
9555
6838
9349
544
8695
6095
514
1180
3364
3643
7810
4895
7088
3241
5104
9036
5625
1863
9390
9690
8947
2975
3282
3846
8606
5501
2787
2686
2197
9527
8757
5575
7232
6653
9502
7918
6004
1040
4006
1324
2266
6571
1904
8182
7567
1735
3401
4568
8470
6003
3719
1846
9867
5033
4026
1676
8607
7360
93
4259
5648
574
180
2444
8659
3656
922
57
4221
4276
8523
4330
8196
9848
8516
5953
1100
1340
2359
9517
7745
1388
9100
6304
246
8914
7435
2523
82
2832
3561
5462
1149
1691
4210
4010
5374
2133
1700
9946
6721
1859
7431
259
6508
7764
3543
8892
6660
9978
1502
6860
224
4049
9231
9146
5803
2699
9672
621
6270
4411
1394
9591
7356
1875
1967
9429
8034
5630
7537
2991
5795
8375
5223
8848
603
5817
6098
4857
7084
3218
5572
6206
8288
4882
4466
7359
8623
7483
1369
3837
6573
6548
3022
6611
254
2313
2626
3058
5042
2229
6613
4378
712
7474
1751
6234
5887
123
9543
7328
5681
5028
775
3248
451
728
6149
2628
3678
8574
8428
6691
6768
4111
5561
315
3013
3307
1174
203
4532
8965
2617
5547
242
1227
8392
7816
7217
5137
3362
4103
9553
8655
7494
7700
4867
6987
6327
1553
2526
8857
8955
2509
9928
7939
5854
5623
6382
3651
2139
7762
6661
3240
4349
543
1622
7533
5076
1963
9745
349
7221
9845
5408
2496
9383
9199
5200
3460
5985
5251
1041
6445
1381
4441
5032
5873
5007
5894
6865
2836
6624
4106
2669
792
8167
5595
8505
6291
1752
1661
6312
7776
2285
7320
4413
2218
6376
5874
8497
7709
5552
1814
2468
4504
5043
2276
4165
6885
4483
4941
9056
5140
5265
9297
2604
5092
1838
430
8468
6917
2689
5831
3319
3881
3389
3213
1711
863
5299
9239
6157
9195
8664
2494
930
4892
4206
9730
2552
5233
9753
4975
6807
3610
1096
6866
6648
8958
7804
837
1545
3197
9243
4752
1952
8694
4478
9974
2747
4372
1831
5056
1264
1554
4966
292
7140
5972
7506
449
2284
7977
140
1002
3985
1202
7741
5070
685
6874
9772
9221
1818
6426
8193
7769
8095
2561
718
1177
4472
8751
6676
1477
917
5827
1861
4673
4149
6889
5855
3668
2365
9601
6995
330
5835
4312
1635
2995
8582
6622
2005
6100
336
2544
9110
4170
4776
4964
5756
20
8132
1474
4352
6237
4284
5983
8871
104
9599
756
8269
1516
7187
8788
7780
4959
4902
8631
2221
3866
2143
9384
4678
115
8085
6403
9359
6457
927
1271
2432
8200
5248
8409
7959
9825
806
1222
9431
6473
9288
4758
9573
9015
2124
5636
5834
9706
5620
4931
6914
4570
6397
6030
4416
2109
4700
5881
2778
8940
2654
590
4474
2534
9511
7583
5973
1361
5886
1190
3591
8082
6055
9676
8144
272
2985
2518
545
1968
789
2581
5126
1095
1604
5794
1780
6512
1437
4581
6658
1841
8399
1224
8534
1947
4278
4503
3616
5699
4460
7772
3488
3497
7828
8763
2214
4271
8578
4161
1520
4260
1010
2607
5982
2799
3827
3059
3908
71
9678
8420
7513
502
2053
5938
1894
1238
1
5324
4750
1715
727
5445
7192
1483
8957
9565
3940
7644
8997
8378
8824
5757
8483
1016
6764
9485
7053
6574
1226
1839
5387
6430
746
8320
1112
1354
1430
4366
1917
7853
7919
7830
4611
1900
7087
3777
232
46
8338
6672
2895
2533
1200
9261
7056
7354
414
2112
3228
1332
7035
765
1090
7418
8229
4390
2549
5584
5809
4826
8969
717
6715
3148
5939
8385
5679
4025
9194
5915
7934
3800
8205
7252
8814
3235
9664
2608
2899
5060
997
471
7310
591
1679
3558
7539
4910
2594
5214
1319
1858
531
2961
7030
8298
5995
372
182
9388
4244
7181
3713
9120
1572
7759
5714
7160
1634
8067
567
4029
9358
9242
2414
1465
9482
4887
888
8004
1649
3850
4096
9940
6269
8967
8698
2487
5590
2411
4694
3542
4589
7089
4601
1097
8010
5678
2228
4912
6482
4277
5907
8380
9363
1065
4549
2108
1527
2806
237
1918
629
1468
1596
8162
7920
1358
7246
2323
1206
148
2551
3878
8236
1605
2244
4214
7470
3862
5099
1199
9656
7234
839
6363
2503
886
2761
4563
5442
5607
119
3152
4662
8980
1019
3432
1532
2881
8165
155
3425
9675
1313
504
2166
492
5266
457
5280
3729
7109
7496
9031
2271
2150
3412
5397
9615
7913
2936
9083
6349
987
9859
611
9864
5141
4002
6156
8248
4683
8231
7933
9274
1914
9109
4732
8477
1116
7419
3673
7426
6734
6331
7075
489
7335
5703
5729
4369
6982
6939
407
5100
2350
3554
3842
3930
2205
5284
6099
7059
9488
3660
9901
7609
4946
1805
3790
3504
8321
6688
5264
2631
1274
6930
5327
3916
5902
5544
5253
9117
2021
1885
7025
9633
6583
5081
3609
7696
2613
2058
139
2078
3033
7323
3249
870
8535
1505
8527
5173
175
1463
4426
3489
2049
8671
8198
9010
4337
4571
600
2649
797
273
6355
6824
694
1911
2361
8059
4135
693
565
6380
7460
9111
5219
1498
6947
3986
9244
7365
2700
656
8496
8239
5897
6617
2452
9309
3478
5370
6108
5352
4408
7382
1123
8427
7148
8520
9077
1253
7987
3160
5725
5563
6718
6324
4453
4778
4805
5852
9440
2297
2454
6122
8259
523
2006
634
5031
7337
2737
453
8472
5312
6696
6526
2009
9546
2707
8648
7616
6202
529
6005
583
9422
1124
1717
4606
1560
3611
5765
5164
3890
3449
1895
6116
5730
683
4852
2499
5321
5978
4117
5940
5709
2457
229
1122
1810
2177
1536
5927
8056
7253
6301
8982
8730
9593
494
411
3222
8742
3995
6492
4293
1009
6218
3430
2373
1287
7660
458
1165
3142
7242
66
3860
3494
311
9204
3996
1412
8491
7404
8096
3468
78
6104
283
3513
3526
1742
1305
130
3939
2383
2850
7666
8962
3907
8149
3775
9918
8658
7717
8210
3724
1295
8682
967
5439
461
6314
16
7001
6369
3906
2330
8858
7010
686
8556
1558
4405
998
518
2380
6977
6006
6805
9657
3413
9329
2913
2817
6749
7173
8530
9665
4215
6407
8625
80
5497
8342
5654
9765
4355
4353
1547
1849
6877
4613
7230
6856
7646
8474
7511
2834
6701
8176
2892
6690
5384
1268
3725
4421
1503
5767
659
8925
7996
532
3525
7307
7655
3951
6001
1454
8457
2295
2117
1481
6959
5959
530
1540
8697
2857
6495
9263
6164
6134
6791
3914
9870
9836
7115
1922
3465
8950
9756
6566
9196
4769
6698
7689
4742
7969
1677
1853
7165
7
3958
9203
9840
4781
301
2709
4249
3669
3813
9828
699
1154
1934
9523
6137
522
3403
4429
300
5412
319
428
7710
8052
9647
5668
1229
5562
8561
1353
3806
8644
3255
7803
2147
7703
5538
7553
9287
5342
2583
2233
9080
4008
7403
2274
90
9674
1320
4387
7315
750
4928
5123
3714
599
5510
3305
7674
1088
4597
22
6468
446
2897
7557
2760
9613
7048
4030
1842
8678
9961
8294
8234
9932
5916
6988
9423
7301
7535
5558
6035
1790
8151
6843
4584
1034
2230
4519
7945
1565
8197
5780
1607
1639
8260
208
5349
3855
7114
7141
3373
5296
3156
7322
6679
2768
7080
1533
8765
6463
9356
650
7423
8032
212
7067
9796
1201
592
275
1648
1132
7926
4886
3947
3184
1977
938
948
4141
4880
6271
7000
9386
8758
1942
6500
6469
4041
2460
5181
9783
7727
582
8942
5990
5560
7406
86
1617
6016
443
2738
4556
4027
373
7341
1862
8137
3572
6516
6812
4608
5039
8787
2882
4976
7634
7078
4487
4626
7243
3568
2194
2113
6399
1145
3456
6810
6626
4075
7949
9322
2959
4424
924
8703
2947
1342
2585
5112
1707
6936
8147
2102
6841
163
9023
485
284
419
8790
4994
2485
4381
3565
6193
6330
6310
6265
1029
3446
6958
9334
7384
4350
2003
179
6244
5880
1216
7561
169
8985
4247
1975
7464
7673
5732
6819
3019
98
8650
6067
7788
9314
6434
6779
9631
7651
2629
7153
3849
4682
660
1434
4446
8026
9967
4422
3442
454
3044
2296
3206
6719
3904
3682
6554
6135
9516
6311
3691
4593
2458
8656
640
9638
2056
2382
4614
8276
3205
4239
1362
7037
114
957
873
3892
5395
4591
7730
9822
7029
9303
9266
742
7636
9758
7086
5586
7273
6855
5814
7840
3666
4973
3631
1217
3491
1808
44
4057
8597
3166
2178
3054
4664
3271
1552
7671
4676
847
8554
1906
2137
1930
6542
823
4252
406
8922
3085
4183
4465
8403
9141
5551
9579
8001
2658
8407
6703
7361
9066
6454
3843
9965
120
1882
3889
8336
6316
9273
9447
2201
2486
7915
5605
3167
5023
803
2489
8916
1587
334
7783
5069
4580
1155
4302
6940
2739
2045
9492
2142
5149
3383
5790
7013
8377
8846
2990
9694
4112
4793
2149
4233
7520
6459
6318
4176
9637
8143
5013
1256
8689
72
5179
3938
7457
1874
9835
56
3716
2930
6539
5964
3431
1033
2225
9035
3735
6682
5404
7422
2672
4962
3704
6551
9000
5154
3012
7163
5108
4162
5075
7300
6332
2127
5930
2283
9886
7565
2933
8816
2565
6433
9276
7197
2062
4235
6144
6916
4224
7966
4536
2779
5600
2900
4582
173
3876
3723
4564
1007
5207
6756
4346
2942
2247
6225
8984
7755
981
5615
1379
7295
9623
6798
5184
3712
7381
3586
2326
6964
4188
1085
3310
1223
5811
535
10
1018
8372
9666
1428
147
4459
7390
8027
4093
9465
3484
2714
440
8987
9436
6185
1699
9473
2870
2376
333
3024
9635
8308
8452
9113
4123
6997
6264
9939
5971
2797
8110
3788
5371
4811
9135
9936
2480
1803
6632
670
798
2819
5261
222
7277
7123
4072
5350
6584
7855
8209
7735
3514
4625
205
2154
9137
8435
5723
8930
8441
4324
9660
8872
3421
9761
9039
1826
992
6892
1389
7544
558
4543
6733
6268
5578
3499
1779
8873
2941
9916
5339
32
1337
7313
7284
7239
3328
3674
9092
646
9721
5619
9118
8604
7202
3872
9818
9152
2066
9604
6352
3612
7049
9302
2815
7974
256
5502
3007
3322
7490
5277
8222
8771
8701
1087
8098
9574
8723
8679
34
4389
2688
5010
4451
1709
2259
3254
5429
1689
6869
8493
6527
5389
627
6630
9575
309
4540
3052
7177
7472
7625
4255
8119
3293
5073
3519
8941
6470
5440
3378
2660
50
5246
3463
1672
7576
9421
257
8479
6957
2710
4360
9222
6057
1055
5000
306
4863
5763
907
8639
67
1725
3382
8838
1376
1003
2831
1030
3748
7866
2375
7865
8099
3993
255
3036
1385
3250
1551
5652
6765
6861
8261
2488
9259
5346
9528
1410
5113
7820
5882
5475
2257
5760
6944
3982
2962
6063
8487
4384
1773
488
8025
6522
1628
5469
3636
6257
4999
2189
7461
8879
1466
7102
7670
4208
3077
892
3302
1458
9831
9709
1632
5134
8238
3962
9448
3229
2752
7402
3853
1069
2287
3681
9735
1103
2331
1541
928
7846
1903
2560
8657
1564
6249
3677
2198
5665
1258
6223
6678
5997
9874
3138
238
5651
1986
5892
7693
2702
6305
6993
7161
6932
3080
7608
362
1406
7124
6299
4107
7112
3452
9210
107
4145
2673
3784
5093
3354
5945
8047
6357
5818
1893
4226
6188
3315
5655
6050
346
210
363
3825
402
9486
304
9122
8254
2884
5541
4
960
6373
8974
809
3114
6983
4572
3393
6368
1345
8102
2835
6739
628
8030
1395
6045
5340
3188
3626
250
8083
4877
5386
3084
6049
9059
9941
5409
1599
7400
3589
1330
6830
4828
2040
7259
707
8615
8348
102
5436
439
2495
3381
8504
9331
1608
899
8503
5520
2422
4090
3481
4512
8328
7787
9820
4967
2437
1193
5842
6924
63
4050
5361
5569
9366
342
1871
8386
21
3539
7798
2902
8168
2462
6013
6458
8243
6794
8633
7718
8815
8175
9584
8585
5305
613
736
9293
8948
3971
2759
2833
4367
7685
9739
7289
7207
4310
1708
4956
8544
6378
3915
7667
4402
9975
1285
6317
2320
8680
7062
8891
370
2161
6107
9725
1958
1577
8325
2015
8573
3126
1924
1050
7879
8383
8356
442
9455
7568
1706
9409
7656
7509
6826
4078
4205
4212
1523
8760
3567
4915
4939
5684
9107
3697
8839
1873
8743
5966
3503
4517
1189
9471
8405
2072
782
524
8768
77
6242
4270
3600
1688
2426
8310
8291
3569
4955
4807
6229
4648
5865
5247
3445
6598
8882
533
1571
299
9011
413
6155
5676
2470
7261
6465
1987
3886
8836
3387
213
1897
187
5120
1488
1514
6027
1515
4790
5711
8714
7562
3592
9168
3470
1144
7096
3512
6130
2855
483
3654
4745
2873
9064
3201
6665
2242
7364
3483
581
7225
7958
3747
3536
788
8781
5090
7332
1959
7914
6709
2417
2307
6070
8766
6320
9764
8702
8009
9529
6894
248
3510
7692
9650
6364
5041
7393
5215
7136
6816
3688
6315
1249
668
612
1485
9392
6577
4816
6578
3597
6974
5376
337
7743
664
6950
8397
5420
5091
7527
225
247
3966
8565
9536
5853
9530
2891
3209
5614
158
2210
9405
8807
4140
2075
3190
5791
4473
1908
9887
4299
1835
1928
8045
9094
7927
6580
1494
5768
2164
1413
6423
4080
1644
7575
4510
9688
3606
314
14
4731
1235
18
4655
4647
1166
3564
1674
9760
7391
9812
902
5118
5066
3411
3954
9058
189
1825
703
7647
183
7543
2308
1278
1390
5710
3221
5170
3345
2344
4782
6933
9726
8066
6258
6710
8442
2633
9438
8718
5905
3818
8389
4365
9101
9408
172
6587
3426
9188
8600
1482
1432
1870
4282
1232
7869
9140
8022
5719
8448
9327
6689
5628
6538
6086
3049
2119
178
7654
9995
9912
723
3644
7343
2424
3711
4878
1834
5632
105
6755
9518
778
8880
2807
7861
2777
2720
431
1442
6286
9757
6054
2388
6735
901
2131
2120
376
6133
4386
8713
2586
117
3913
2067
6442
6898
4067
9024
3093
5960
9700
526
8943
8774
6913
7900
5373
3948
7668
6453
4339
6143
9355
4989
5479
7847
3614
832
1993
276
1068
4634
3978
1006
8255
9711
165
3350
2348
5168
7790
2145
5583
3146
7778
4283
3710
4913
560
617
663
3475
6562
9247
6627
4554
8576
6182
7821
3187
1351
8190
2519
2684
437
4412
9360
4755
7082
2972
3782
4194
8692
3650
7516
5691
1775
4974
4869
7883
6502
1500
2841
8355
9547
4301
9318
6737
3200
4723
4711
3797
1586
121
9853
7456
9893
6946
7149
6563
7589
6253
681
2008
6972
6711
9067
8735
6806
3462
216
7047
9572
2849
3987
5082
9851
7285
6232
1032
8501
2175
3027
9722
8440
1690
9032
1366
101
3104
7902
4885
5451
7316
1506
3540
5008
4918
2044
2000
4391
2202
6221
9866
2516
1670
6171
145
476
7794
9054
4159
4261
5222
7594
5460
1731
4527
6528
3844
3537
9795
1291
3384
6425
8115
2456
8223
9079
3868
4789
8881
3932
7570
1643
3579
3649
352
3694
9643
3984
401
3135
6475
135
3258
1047
6547
310
7032
8384
6659
5503
9321
824
2396
3683
9914
5825
1129
2031
8817
8803
445
3433
8517
7532
3202
8490
6837
4680
3707
7379
5063
6227
11
7968
4733
3528
496
5381
1816
7885
1664
1139
1678
5325
1133
868
7524
770
651
7815
2132
3029
9667
2428
2342
192
307
379
3236
8354
959
1585
3560
7331
8473
763
3155
8292
5367
6370
1269
1071
1480
1164
193
2449
2249
2352
751
6781
8136
7432
6361
1789
8855
7012
5879
6083
4513
4528
4272
9105
9973
6259
731
5860
9794
8313
9524
261
5509
7212
5924
3175
2667
3118
1823
7263
6591
4265
5627
8560
5596
103
4501
3273
7283
6240
4884
9920
9385
1720
1093
9346
6956
3247
6266
8993
5500
2708
6893
5211
993
7931
5320
185
8754
4400
838
4318
1349
6618
1334
9116
6629
7639
9132
6524
2473
3285
6481
3929
262
2018
5526
7690
3975
7619
3875
8394
9159
2034
9929
7094
9681
7388
7978
5499
4687
2861
5849
5603
9857
1008
5163
2051
9164
4968
7687
73
1872
2875
846
8810
725
6094
2940
1811
5906
4245
7458
8021
1990
6716
6815
5634
8105
8512
4055
4137
2176
5071
9607
1356
2434
2211
3376
5319
8638
7536
6046
5434
3420
6150
9662
4550
7642
7695
4518
7852
2158
1832
2472
9737
1813
9908
4651
4480
1383
8550
7967
3326
4645
9376
4455
3574
8588
4624
4423
7664
8670
4187
926
1296
6634
2943
6652
5512
2641
8303
8122
1685
4871
4120
7775
2919
8111
4207
6967
2309
1386
7578
1209
2370
2389
322
7135
4315
4930
3133
9224
8341
5333
5802
3764
7796
5987
6287
2381
463
3232
6533
2111
8408
2953
2377
7928
602
9163
9554
176
5424
9953
4917
6966
2232
4943
5225
1616
9063
6017
5539
28
8752
9561
8302
3134
7706
2694
9782
2357
5785
3786
2578
3050
7476
5918
3260
3021
7195
5310
3879
5167
8013
1696
3110
1662
9191
9071
637
3896
6800
2261
7312
4397
955
8031
3638
4237
1983
3065
2662
2978
1573
7471
96
8540
2992
1159
5399
5217
4822
5593
8278
9041
7990
1847
6831
8826
1694
7917
8860
1568
2129
1601
1857
3833
7797
7676
6091
4052
3119
7550