7995
9807
5893
7605
6496
1635
6336
9617
5752
2403
1245
1212
4587
8814
6324
7041
3073
3383
1703
3468
717
8414
2157
8134
2883
4789
1457
8910
6313
7307
8532
6720
8840
7044
4742
6666
2944
8
8050
1467
4016
7827
5003
6632
6371
7804
8281
1827
6761
130
2772
3917
903
868
3301
259
7481
1989
5411
8300
3684
148
8242
184
799
573
7132
3642
718
8588
7043
1778
4932
8660
4090
5354
3943
9447
149
4455
7275
9317
4602
2197
5309
7885
7997
4326
3471
7769
1545
2440
5157
7185
1707
3111
9655
6471
514
2539
4947
4223
6226
1178
3854
4965
2637
3059
4392
2465
3214
8908
2006
4687
5007
8998
6456
3283
780
611
1196
9423
8629
909
5412
137
707
6401
3146
8787
8371
5116
5721
1384
450
7600
2028
4162
6594
5847
7639
3517
2195
3921
8617
9019
9452
9905
8666
2739
8761
7499
3772
9949
2252
7134
320
8890
7626
1508
2808
8316
2050
14
3527
1131
3508
7983
1211
3312
7423
3547
7596
1181
3130
6111
7249
9060
1372
2112
117
1204
345
7356
6516
6877
6631
3619
1948
9358
7422
2864
9272
7746
4245
3035
2155
8369
9965
8173
5428
7832
4963
6393
3337
2123
2938
797
2182
9906
3721
3919
8746
9052
1819
8571
485
6886
4108
3679
6747
443
643
6580
3264
3217
4725
2392
2002
9912
4755
5258
9861
4894
525
4970
8339
7584
4197
5355
2422
4140
5819
2077
7894
3882
240
7749
5254
9691
8294
7250
1167
4730
4445
6810
8811
5656
1000
4533
3671
8867
4663
4766
4274
3675
4214
3711
8451
7595
230
6888
4793
4422
7283
1903
3210
234
8952
2918
4954
4222
9640
2789
495
6402
3797
5066
3194
5972
4715
6196
7646
6121
3346
461
5907
2170
5402
1516
3773
6203
3908
3467
2083
1448
5567
6003
2362
243
7179
5784
3470
8341
8063
3297
4331
235
5745
6823
7640
3553
6990
9995
6202
8730
3311
8893
1817
2223
5167
4275
7196
5486
4252
9263
8368
8017
3800
3967
650
4001
6104
9556
4613
2023
4119
1652
7559
378
5748
1321
2728
8479
1194
2415
3736
5449
1190
5387
4979
2467
6835
1354
8042
6123
9748
9555
1588
185
7298
9735
7139
479
4218
9930
9281
8442
5557
9684
1091
3763
5152
719
6534
9047
1449
6340
4143
6058
6602
6956
6281
2290
873
2451
7190
7466
6982
5898
1056
1128
411
6819
115
2294
5114
6743
728
4614
5176
7046
6718
6859
9168
3199
377
4460
1291
6870
5215
174
6801
4632
8260
3762
333
6572
9689
4941
4130
7291
6379
7098
8054
6247
5345
3251
7247
2457
8725
7533
9096
8375
1870
1312
9040
9834
8993
1418
6342
426
7989
1389
5704
8672
5793
5522
1988
2111
7762
1009
140
3885
4518
3819
4008
5877
5100
907
2041
864
3310
5068
2249
7907
5234
2460
6069
6380
4071
4902
5811
4447
7829
1880
8394
534
6213
1858
1468
4743
9931
2685
2410
9359
2424
4125
5058
1960
6134
9307
8935
4753
6239
6863
7452
732
580
1255
4828
3948
9088
7142
1479
6613
9400
4762
5139
2492
3594
3157
7633
8758
4291
7015
412
970
2811
9863
5324
2598
2659
7032
8830
1012
1036
6998
4116
7236
1242
7435
3656
519
3956
7261
3766
3506
2755
1593
9612
6822
7458
6682
9037
3626
7181
8484
5536
6653
7565
6506
3738
1843
7912
1409
8201
8058
3236
6481
7309
1702
9167
5084
6209
319
7052
3756
4220
7716
3980
1825
5028
591
5648
6764
2350
2342
1994
3875
3661
8678
3609
7774
6667
4971
5897
9176
9250
3092
6007
9983
3504
3879
8199
4263
2788
3188
3697
62
7562
2585
8673
9125
8516
2331
6330
4886
3343
5750
3513
3589
342
4461
7122
5009
2022
6035
5132
5521
4892
9441
1764
4597
2203
7069
1761
9141
6348
2624
6692
7188
6954
5878
6399
1331
308
2282
1187
6964
1886
2572
5368
7591
5086
7659
3141
7660
9747
8718
7730
402
3319
6932
7049
2032
9914
5342
4193
4246
3281
9919
3369
8856
6361
146
832
2817
1015
5572
8888
7677
1918
4093
4015
2459
2971
1126
3842
1458
4454
1238
1818
4121
908
4874
5388
1105
6936
5266
5958
1976
8446
7166
4803
4409
9563
1346
215
4732
7345
6464
4308
3039
2500
6087
9345
5105
444
1754
5577
1470
1972
9970
3925
634
6463
160
1005
7337
6612
2709
2730
533
8074
1330
5415
819
6267
1268
4823
763
9084
3252
1689
7988
6215
8756
7893
5168
5036
5700
7047
8231
4657
2433
9209
1058
279
7883
2357
9212
4855
8153
2874
9121
725
9608
9083
1629
4045
4751
3760
3599
113
7288
5192
3682
7722
8703
7675
7392
4605
4610
2719
3827
272
4211
3208
957
7661
7652
5788
7900
2345
541
3924
6681
7710
4842
6762
2959
263
2804
5303
2303
1288
3716
4849
6705
3531
4579
6608
9326
3095
2271
7470
1213
4339
2965
9682
5838
6903
926
8724
3582
945
2399
2209
3776
1914
1365
5477
9803
9935
9869
4748
8347
3336
2474
991
518
2562
1776
1459
9907
162
887
582
7439
9051
9524
1810
9418
1655
2551
8150
3304
6716
2567
9977
7593
2219
9745
8301
8423
8328
4964
6098
6079
4044
4427
7974
8764
6265
8757
6797
9430
8221
8930
164
6191
7502
8566
7195
5653
2488
2205
6518
6698
1876
6782
827
5791
4873
2662
7446
4096
2040
2765
2013
5427
3910
3647
6512
6621
1003
442
286
7297
5384
3296
7413
4690
8053
3789
9867
4759
9304
1240
9595
1447
8052
5015
9262
1579
5680
6589
2827
2286
8597
9866
7964
4114
2964
8719
787
1489
6246
3079
51
8515
6638
325
2823
9218
566
4603
2140
1970
6454
3112
2429
3632
3030
9731
128
5470
745
8800
7545
8504
3552
4857
4260
7038
910
8560
3872
7723
4907
4655
6650
8087
2017
5222
7695
9625
8272
1576
3576
3228
4213
505
2187
6581
8485
8222
7170
558
6033
4134
7757
7131
5437
8364
5869
7344
9569
1439
9280
5846
8156
6240
12
324
2917
9380
8125
3497
54
7808
4432
523
9016
7521
9641
9670
1311
4483
7086
305
2905
4052
1674
8585
6093
1591
3905
4968
9621
1428
9069
7244
3940
2288
3205
1195
17
1336
653
9245
1220
8007
607
2993
1751
224
4276
6192
4496
6172
7742
6629
1118
6083
6796
5976
557
5420
7306
3739
8896
4806
9987
8749
9045
5854
1581
1376
1558
1168
4391
8187
1692
6848
1157
7577
3575
5076
6626
7778
1739
5264
7116
5672
1965
2995
2408
4003
5074
2907
4920
7279
6795
5679
6183
4113
9719
494
3475
4618
3066
5763
5247
2741
6065
3964
1563
7805
7399
7738
4418
7390
5137
7644
4881
3809
5249
530
2666
7107
4508
6060
6655
1774
1477
3246
3588
5379
1812
5485
2309
5079
6658
101
5445
8418
9337
4256
7430
1001
5198
3761
6905
3255
878
6160
6918
3775
8039
2009
912
9458
9894
5698
7351
9090
3165
4066
4345
8297
4546
9477
5423
9325
4356
9100
1407
4651
8411
6944
630
1721
2649
5865
5634
3132
9428
6861
8249
7887
9438
6354
7872
3486
3308
4880
5021
4343
8866
2493
5895
8037
2958
4667
8183
7008
9638
7278
947
9528
1888
5943
809
9996
4012
7523
4041
4976
8025
4406
9802
7935
1640
7511
3018
3032
2322
2
5959
4540
1912
3566
3168
5537
2468
5789
3134
3162
997
3481
2591
2250
132
800
490
6260
7715
983
7578
8193
5512
6245
8492
7891
9445
5107
7933
4981
1237
5769
9390
2069
4797
7517
861
5407
8081
4141
4056
3237
3258
7117
9712
8261
8308
2877
971
4664
8602
1954
77
9246
7121
8853
2953
1575
2812
5063
2108
195
1962
4069
5724
3392
9433
2976
6911
5210
322
8158
8334
9160
3404
3825
5775
3686
6988
792
7796
2412
344
8036
7779
5749
7253
747
3503
7434
8593
6910
8438
2061
8822
1019
7395
4948
3267
1061
255
9600
7009
1351
668
8152
8470
7599
4457
123
9467
859
9354
7352
8797
2192
6012
6197
45
5329
3186
7651
4000
2513
1450
4283
9080
6616
5096
8453
3364
5891
2578
9814
3831
2865
1920
3295
4306
592
1350
6337
3469
791
8355
9217
4569
9193
7638
407
2505
998
5853
5145
7039
8057
2430
3257
4747
3630
3179
1821
7970
2849
4284
5920
6766
1998
1164
7849
9597
4158
3887
7859
3813
6983
6634
866
5095
1773
2700
8963
9225
5426
2480
4647
80
1229
548
835
4844
5178
3824
3040
6800
3823
6867
3019
8934
2135
9917
6119
1546
8513
3989
3838
1658
416
9588
4536
6485
5326
8319
8518
8657
8239
940
4348
6669
743
3406
9644
5564
8381
3863
4923
7850
1246
2479
3816
5487
3118
942
9513
7124
772
159
7014
4792
9491
8180
3493
5513
5615
354
6935
435
603
2577
984
5516
6672
5880
3705
8250
245
2530
1094
4386
2545
9915
7494
8277
2718
8080
7104
9394
5122
5150
5298
8969
1375
3542
3479
1710
6878
3644
5545
6026
4082
4298
8950
4073
7965
66
6358
8306
19
4841
5983
4749
4973
4312
6920
4643
9020
3792
9542
6811
4190
421
7555
529
7248
7424
2664
9077
6163
2292
6752
2753
9202
4156
5806
1760
2120
41
5039
6385
7973
7222
2179
9765
355
7960
1953
2894
709
5409
5208
3749
5683
4350
675
2829
7780
1928
2212
6097
4378
2749
3709
6409
3421
6610
6442
1259
5299
6719
6544
4869
2053
4484
8178
2950
4802
1897
7936
8996
9972
8219
658
2535
672
7594
879
3087
5951
9460
2001
8121
532
1641
1786
6270
4582
2634
9968
8309
1769
5851
4553
1510
5161
1296
759
9946
3024
6008
4702
2033
3151
6285
5490
1624
1653
5676
7105
2289
6272
1743
5716
4098
3278
3435
3888
7959
5493
8933
4234
8048
733
1234
2963
2151
9232
7842
2972
5620
7724
6387
4608
2855
6405
9348
7230
3973
124
3906
6435
2745
690
5886
3072
4707
4937
7159
5554
8882
978
3603
3209
1889
8564
2162
96
3745
2833
387
9725
8051
8461
9822
4161
332
694
9310
5669
1348
9950
2101
8139
4969
4174
7971
2079
1995
1040
9292
782
7733
9671
5319
475
5805
8652
6779
1239
3954
289
1030
6883
389
8450
9235
9937
3832
9424
4217
615
3953
3605
1507
9574
7062
2068
3564
1871
4654
9258
5709
2693
5290
210
2641
6769
381
723
9898
3928
3616
1142
7917
2665
1518
5473
4122
4054
4944
7375
4620
9540
1119
4182
9393
5196
7693
9457
8161
3667
9022
2484
6590
8525
5492
8722
2217
4723
2863
7272
3742
1999
2012
3583
4588
8982
258
7543
8120
6881
455
824
4360
2939
3154
8818
6430
2968
1108
3169
3499
3477
8813
7530
6253
2114
1921
9601
1381
9746
4510
4303
2243
7099
8750
3530
496
4529
9879
3960
764
8307
6814
7280
2661
73
4816
4975
6194
4181
3584
7420
3074
8445
7226
7765
4347
7333
9886
32
8197
2466
6966
1007
1090
4395
1287
5213
6789
5828
7748
7919
8259
2316
2259
6030
9383
9504
9507
7286
8119
2478
1083
1160
9918
1270
6005
8940
616
6959
6125
2137
7140
9910
8539
4625
6771
7557
8563
2224
2093
1854
1393
236
2984
2152
977
9389
296
6662
1208
4543
511
7070
7157
766
9913
4480
250
1525
5300
3997
6699
9652
2169
3598
5815
4899
5507
4379
8879
5933
1102
3448
7963
6027
5612
1028
6193
8614
846
1273
5631
2090
5990
5632
1828
6986
4566
9203
4557
7802
3617
5205
8581
5280
4850
8455
6559
7178
451
6659
5606
2521
5140
8621
2266
842
4026
448
9953
1992
5785
783
5347
8318
2330
9967
7810
6597
5677
7350
1752
3402
1215
3923
97
8913
5887
87
1727
3221
9264
2831
8198
4177
8000
7147
5494
3938
4809
3004
1116
1863
8598
6710
619
4468
2942
5777
8463
3668
6679
6378
8676
4236
2529
6784
8728
1634
7381
7361
6421
2723
8975
5849
3222
6037
8330
7400
2482
207
7665
2985
2313
4992
8235
1149
1153
5973
872
1875
3718
9699
4094
9361
2471
1625
9473
9095
9982
1926
5267
1794
1859
5286
1357
9850
7289
6425
379
1850
2579
8974
23
7942
1342
4115
6505
1464
6895
3322
8737
2770
9421
2267
6727
7977
5155
2368
7571
5989
9489
3129
5503
6419
409
2255
9921
6297
5366
5901
5541
3502
5559
2782
1084
7945
8951
2857
9980
9893
670
6958
2107
4774
6614
2881
7002
9903
6651
7871
6777
2434
244
5057
7647
2540
1829
7892
2141
5108
8022
1505
2494
7882
7725
3239
8512
7061
5333
7537
7059
9459
7985
3184
9740
1256
2902
3636
517
2407
3321
6428
1857
8430
1095
8452
2508
4299
4739
6560
6212
6016
469
191
6807
7839
373
6341
2627
9485
9296
8449
4538
5227
165
9945
3994
8634
8697
8698
9685
1456
6624
2860
8466
8932
1738
4846
4866
3972
4415
6499
9058
4926
538
1382
9705
2485
1137
4048
4763
5767
3419
3931
3890
9201
5125
6157
2470
4270
2933
3021
314
2852
6282
318
5917
3492
8481
362
9431
4290
6447
9952
6520
7837
227
8392
8640
7073
4489
6748
6816
5454
3525
2496
5649
594
3253
9539
1139
2088
917
8902
9992
5824
4698
2802
2814
1154
2546
9656
8668
9001
5686
7760
9936
4893
4490
5070
5607
6206
8825
6210
9399
4288
2146
6902
8041
2669
3374
3119
8416
220
1062
5372
7012
3445
9372
2754
7028
5688
9696
9391
596
4316
9770
8124
4080
2031
7513
4526
8049
6237
6100
9780
8226
1877
5184
7527
2449
4436
3703
7151
4879
2393
6113
7465
9371
4853
2472
8897
6181
946
1733
7835
4399
6984
58
8643
9663
9362
8667
8837
415
1861
4354
4887
1093
5873
1845
5506
8353
5405
3828
5509
7615
6694
796
1488
7812
7089
6774
5719
6502
5498
9446
2251
6533
7853
2300
9751
487
6437
8162
7373
8675
3732
49
4250
7772
1390
5860
8545
3282
438
9425
2614
9344
9631
6507
8137
5243
546
7094
7740
6368
1837
3487
3244
4180
410
6001
7658
9549
699
667
8803
3704
9590
9739
3405
6182
247
1089
428
5714
2625
9726
4675
7610
2692
9852
9494
3031
1882
5135
691
152
8447
1444
3883
9976
2133
9693
287
2417
5315
901
8721
3963
7319
8047
2656
9594
994
3516
6071
3874
18
4139
6618
7034
4296
1252
9610
6916
7362
721
2144
8665
4244
2549
8075
3023
1874
4821
6515
2613
2131
9023
202
9955
9517
6153
2098
4318
4575
1648
1574
1051
8256
2020
8745
3735
3444
7531
9266
278
4341
9901
3003
2615
3338
5081
6960
4626
3323
2177
1068
3426
1445
1266
1753
516
294
5821
6413
7384
8577
6741
6288
9122
4160
2682
7103
3126
749
7135
5221
8030
4429
1399
5064
1771
4905
3551
1777
1616
1438
2094
5385
347
8342
2321
1183
453
8753
9519
8751
7357
8931
8519
8937
4281
3485
9208
3769
9518
9135
6844
8482
9451
2960
9837
9878
2945
9003
2583
7632
6980
5042
4728
950
7037
7154
9347
7492
5708
1577
3247
2229
9800
5876
9086
2684
8026
7785
4915
5961
4450
2312
9959
4195
284
6273
3017
1815
8114
4796
7624
1097
4498
9795
5515
6855
4838
4434
2667
3140
3934
3581
8906
2418
2143
5482
6582
9041
5325
8344
7795
5367
1442
9420
6968
5175
9880
9432
6503
6987
6374
196
8018
9767
7648
4901
8428
8636
4081
9140
7404
7905
7153
6674
7899
3399
7991
4990
6703
3898
7906
439
1967
5177
7522
9941
6643
8062
913
4585
5164
6233
5960
1363
466
3677
6977
2623
1319
6884
7445
9405
972
6541
6630
7108
3715
2673
8097
6159
4387
3556
6595
7996
2903
4105
8992
1803
3624
3918
3651
4694
5038
4065
8132
2189
3178
1708
481
642
2586
4004
7053
1671
7023
8815
4265
1027
6663
4462
7358
4076
2476
2304
4544
2176
5377
7886
3204
6063
1254
371
1947
2332
432
4810
3261
1942
9056
6542
9085
8994
794
8401
5786
7711
7535
4888
1295
4977
5235
74
902
3700
4058
6675
4363
4219
6356
233
3339
5922
6201
1838
4862
6022
9000
5479
3574
5022
1898
4224
8947
9534
7581
7590
1879
8739
9471
5759
5469
7441
8649
8357
2638
8407
2518
1305
5126
1069
5965
7329
302
9831
7625
5856
935
2004
731
1713
544
1816
4583
6921
8870
7408
8855
2477
2999
8370
8738
2786
6488
2057
8682
4495
5322
4078
2885
987
2160
7783
7271
1358
1609
1120
5872
9510
6733
7957
8247
7252
4665
899
6198
382
2320
1141
3160
4584
9818
8903
6654
7603
9520
5799
8483
1416
9233
8110
767
6661
3638
3560
1862
2235
6289
6010
3394
7017
8821
2826
4681
8023
5077
9889
4242
7664
6585
2027
5220
1963
1929
2431
3864
7552
203
6806
6264
7558
9607
8146
8385
7516
2932
5694
6103
6047
4940
8772
3260
1096
5216
3107
8965
7928
7432
6906
695
4060
6107
2616
9966
3077
6453
1165
2761
1343
9718
4431
1387
3586
1745
8669
8034
7814
6837
5590
570
8431
1570
7348
1420
2240
701
1991
8105
5730
5738
9014
5712
8092
9098
6684
4441
4230
4266
2654
3131
9868
3106
3474
5025
3944
3103
1356
9856
9062
3108
6243
5935
4147
1474
9300
7815
3466
1177
6898
4930
4829
5153
7691
1014
3625
5596
1678
4359
7758
3893
893
577
3977
133
711
2862
1114
7063
7027
2416
3765
1791
1326
9799
9493
1033
4876
9303
2952
1550
6049
6970
27
50
6668
121
9620
7241
3559
34
6293
8209
7540
7451
2324
2771
122
5747
9904
2277
9681
3750
2809
4791
6067
6540
4847
1873
2553
341
7081
509
5291
7213
2070
9191
8434
6872
4333
7831
3999
1395
7281
7911
7207
4524
6798
2861
9876
8852
7848
5992
5244
3779
6235
9426
693
1907
1846
1072
9181
6142
6441
6909
9031
8702
5201
6397
9285
5912
1696
9142
9313
242
4928
1290
4025
8694
1379
937
4683
9470
7918
423
2966
3753
3456
1337
5598
8919
5852
2475
9373
5089
5118
6522
952
9078
9252
2824
776
9615
608
5082
2994
11
5383
7824
5279
4095
8971
1660
5029
817
4962
3578
9319
3370
1841
4745
8714
8426
8612
5591
7597
6812
7478
5761
7168
8886
5301
109
4819
4049
375
8188
6671
5923
3681
583
3476
6469
9759
8432
9624
863
2747
9034
9490
1779
26
8419
1492
2278
1006
273
2293
9676
2997
9097
8493
6826
4513
1013
1392
9239
3737
3593
2405
8610
2447
5480
9369
9038
385
9790
598
9148
3345
4598
6445
9778
1836
6061
829
1104
8185
6917
5436
8770
8145
199
1659
4991
2117
9622
4912
6853
1378
1476
7820
5840
4691
9128
1274
8149
8671
3818
6319
974
7268
6545
5328
8367
3535
1087
2854
6636
1567
9030
7476
5737
9288
156
2777
7958
7836
7698
5986
5327
9299
9989
6162
55
5287
8748
4649
9188
6497
7930
5790
2185
9598
8298
7718
7007
6420
2329
8441
4469
806
5248
6106
9334
7538
3520
7634
9618
8073
3022
4957
7546
158
5466
4537
6708
1205
6259
6957
6504
1334
4688
3755
1945
8159
7245
2681
1643
5051
1294
5369
7051
3533
499
7488
4640
3728
5544
8860
4734
2594
729
617
8520
1676
9875
6316
9197
6176
2227
6438
4593
4840
4868
7865
1598
9926
9892
5271
644
67
6408
628
4192
812
8976
8468
478
3327
1557
2336
5792
9633
7880
7317
3945
9516
2644
5113
9958
5010
6734
3384
8528
5133
1594
9182
8884
8945
9063
2721
8762
1279
9396
8010
9429
2082
9106
6151
9954
5630
3000
828
181
9247
7525
2962
7379
1796
6256
755
2326
6711
7840
7315
8265
2875
5416
9636
856
4166
5814
7227
6604
6941
5832
4914
1065
8241
4832
8760
6586
9811
6327
2920
9700
3814
5056
8858
9114
8865
3447
4927
7060
6755
6865
2517
6997
5072
8710
9694
3408
844
254
9585
6880
1048
5957
5571
6862
1943
8234
72
6845
2270
370
6335
7072
7454
9243
6593
5453
9237
468
4522
5054
3037
6961
9279
6969
4919
4087
8510
4512
5952
6744
739
9131
7302
350
7869
6338
4738
4921
1498
6519
6792
3655
3104
9159
3356
9565
9531
601
4740
7986
7460
8793
2165
7450
6019
571
8880
2731
5762
7173
618
175
391
2062
3539
7788
6509
8127
7165
9240
3975
8148
8335
9742
5768
9690
4989
5841
8715
9381
4724
3536
7569
5932
9464
1249
9687
2930
4389
1695
4696
4662
9308
8615
8927
7673
6665
2116
5753
1304
9329
3689
2643
6308
380
7579
9717
6813
3573
3491
4453
3896
6339
3752
877
4364
8898
9864
7491
8656
9335
309
3592
4555
157
5468
7585
4590
716
5998
535
4911
563
3646
8422
9940
6706
9234
9324
9757
5533
5476
1562
2742
762
6075
936
2717
1081
1020
1176
9683
6633
2981
3512
1171
5618
2325
5627
6832
9775
939
4639
7036
6304
5774
3067
5408
76
7163
2046
8033
7606
2671
5539
8140
4679
9412
1129
4374
6002
4779
527
5739
232
6971
8443
1170
7770
4152
7923
3794
2948
2901
9522
2055
9368
737
2908
5970
8400
6857
6028
9283
6803
9275
8102
6301
9730
1767
7777
2296
8111
315
1747
8214
3710
3137
9506
3851
5652
6778
7939
2469
3998
8983
404
5953
7414
8274
7192
7111
7360
1599
9815
9567
2986
100
3314
5141
1802
3685
1046
750
1225
2838
7561
8499
4493
9305
7013
7981
2556
7001
3440
9973
7387
1868
6135
8395
6587
5455
3342
4985
6841
5940
44
2096
934
147
4678
7150
4807
5214
3413
1463
6415
6574
8244
9273
9153
1694
5289
8509
3149
6124
914
2884
2924
4358
9443
6963
1426
6044
8280
5926
488
1757
6840
36
8594
4287
3958
281
8962
6700
7064
8230
3412
4084
2604
5242
3784
7697
4321
8167
22
1302
2489
9330
6443
3397
7550
7703
2216
1603
3465
9127
1670
3929
2347
8497
6567
6299
4247
8999
8623
7415
3387
567
8072
473
110
4109
9091
8869
6092
8409
6302
5915
4135
4039
2678
2676
9643
193
2226
2315
8958
1909
2072
4269
7830
7189
7377
4159
2370
7819
9963
1024
2711
6138
1941
5722
3273
2820
5018
3051
7495
4635
5037
5619
2015
2005
6869
8084
7598
9828
7097
4020
151
4178
1469
3153
9688
6605
2037
1261
2710
4032
88
3100
5670
4289
9480
2307
6751
553
5850
2461
9287
1092
6938
8544
7541
1043
7729
7896
1422
622
268
2841
153
7162
2110
4067
1494
4464
5967
6915
6894
1396
6032
8246
4700
1878
8200
7349
7528
2510
7752
2880
639
1704
177
5444
2886
4638
7295
4186
3083
7267
7004
6041
2642
7477
8471
8638
9840
7856
6557
6006
8705
4812
8191
6000
3657
7972
2231
4317
5183
1425
1642
7367
6974
4768
7080
352
5723
6416
3113
4074
2058
351
7800
7146
9647
8331
3812
1429
446
8543
7221
5471
6598
3333
8616
5475
3837
865
2882
7636
924
5929
8326
1852
8267
4171
3232
9733
1282
5148
2099
1408
1130
7462
5930
1431
9057
4259
7950
9533
8056
8807
7921
7461
2343
8215
1844
2796
1151
1636
4794
7940
7704
1339
4040
2561
8293
4006
7055
7549
2527
4022
2263
7792
4005
5896
1289
3695
7183
3139
995
9004
6851
1243
449
4014
665
8624
3687
1626
7447
3080
7787
7574
5071
2181
6392
9558
3498
406
4548
9984
7706
2891
5447
4799
6489
5340
4285
951
182
7048
8168
420
1214
2996
3201
7743
328
6126
1236
1267
5260
1712
1436
3159
9871
5419
7922
7383
8646
7628
1973
9891
9248
1669
6190
7685
6892
3320
9481
7169
8907
4077
5310
9978
9552
9855
686
7696
7801
5413
5013
3748
2044
5530
5474
6229
7719
9065
8929
2388
9593
4913
9791
9932
2078
2173
7656
4741
3065
456
4938
656
8128
6943
9635
3829
2794
4636
9392
5245
2565
1618
2225
9672
8887
751
7228
2318
678
7255
3495
6219
1082
4718
3268
3220
5346
6526
9408
932
3939
261
7110
6573
2773
7224
2633
9749
3483
5605
4257
2115
1531
638
8823
2060
5088
3229
8938
6148
2359
7507
2850
9115
965
6739
3420
7018
3726
9611
4102
1117
8240
831
9353
3935
5030
2450
3354
6729
6228
6101
4581
623
6029
8503
4440
4833
6864
5875
8456
7325
1248
5682
4867
4482
4737
3082
9515
3970
9695
9341
222
1223
60
9154
2847
4711
9736
2153
4148
489
3075
9728
2132
980
1672
9110
8570
1627
2957
3299
4101
5055
855
1042
1380
8523
2793
793
3443
5012
8747
6546
3069
9384
5283
2483
108
5429
1986
5546
6221
1323
3850
8059
3707
4367
576
2215
8549
6048
6076
7078
6946
8077
5390
4570
3375
1512
8574
4176
1101
1441
8147
7707
9163
7844
4652
4398
6484
4062
6053
7071
1112
3271
9284
331
5977
6930
6603
5238
3691
5361
8677
8990
5398
3114
3555
7592
1766
5743
57
1299
9195
8809
7818
2045
6948
6189
904
6349
5134
5888
4830
1310
7208
8599
6725
440
1162
1715
5403
7264
5502
8166
1700
8650
8406
8533
270
3889
6707
8343
8524
1808
2498
6622
8333
7583
6440
2628
8808
107
7092
4390
3861
2095
8345
3892
2452
6850
6876
1735
1352
1996
6460
9990
4777
8953
9781
282
3240
1394
9074
948
5736
5734
2846
955
589
9596
7855
260
6686
3992
2360
4578
4505
5946
841
1867
9499
6934
5295
2648
3438
4187
3012
4163
3613
4342
1073
3391
657
3778
4733
6381
2247
2785
8218
211
1981
2592
9680
2655
9342
9619
5317
2172
1969
3315
3362
7614
8941
5845
3782
4827
599
9382
5049
2705
7967
688
6649
1202
5199
8796
964
8877
6691
1560
8569
1756
5040
4859
528
5744
4931
2310
8589
2738
4531
870
7065
3937
1714
3427
6854
8228
374
9642
2691
5955
5751
2443
9509
5293
9933
3423
7976
3213
9529
7630
6551
8696
8548
8212
4996
8693
1491
9048
6619
400
2974
9924
5510
649
8066
9667
706
9150
4758
8981
569
883
7619
9583
6363
5410
5173
178
6885
6799
4385
7717
3177
5531
579
5979
2103
3027
9492
8960
5115
6066
8731
3688
559
2432
9660
6926
4344
3950
8582
9026
2297
4410
7962
771
1971
9169
5187
1198
578
4104
5834
9835
5197
4264
9500
1553
7259
2740
1666
5760
6827
5803
2912
183
5674
2122
285
4534
9092
624
1615
4825
4201
4258
1664
8834
7966
1121
5318
9351
5434
4648
3215
8978
3081
3009
606
403
1813
4279
7864
862
4852
1620
1113
2207
1750
6620
6169
8820
6965
3185
7728
3033
7353
3020
7734
155
3786
5497
8957
7879
9561
3249
2936
1397
5277
722
2658
1080
6462
7346
2663
2783
2581
6262
2355
9395
587
7202
1315
3947
170
4516
1206
4622
8182
8220
9605
1884
1368
6564
9797
4502
2234
4499
2989
5127
9465
7884
3754
8619
9024
3070
8600
7686
5963
7518
9575
82
2052
5083
116
5027
2934
9067
3105
4031
2124
3135
2845
7421
5576
9333
4808
5392
7790
7314
8767
9157
6271
4525
3717
890
8861
1127
6155
9173
4373
4822
4384
1823
6552
7113
9002
6290
24
1621
8795
654
7417
8336
5442
6933
4381
5927
8674
2640
4149
7095
5006
3058
1034
8733
8104
7396
1975
5621
727
4377
8317
4670
2621
6474
7296
5339
2386
850
4470
1904
5500
1860
7218
4558
2590
7845
7705
8004
2291
7322
8608
4337
303
61
1364
9661
6011
1419
1668
8099
5394
6942
2818
6320
144
9553
293
1799
8040
8477
2233
1770
8692
5163
5655
9116
6758
2100
8424
1156
8252
5091
7741
9046
954
6645
5252
8374
4917
8284
6993
313
9734
7745
8789
736
8129
4253
7764
2720
3587
6550
795
9129
3639
2383
6225
8435
8708
9220
9943
9562
6548
9774
2241
3181
1851
2008
5667
8115
7025
6887
5219
4249
7364
640
4068
8472
8412
1917
7263
769
166
671
447
4425
8917
2371
1985
3884
2127
470
2136
1842
9969
6749
595
7320
959
8091
6687
2990
7954
5754
8216
8356
6279
7335
8743
1411
1398
6991
8035
888
4961
8875
5746
1483
586
7551
6396
1427
8008
1632
815
2853
9155
8663
4481
1891
3424
564
3702
3361
2442
2568
1977
1002
6523
1216
8613
2511
5186
7287
6164
9582
7881
1265
3501
6566
5690
1210
7947
813
1732
756
9589
5255
9784
6295
3198
1417
9081
4562
8895
4861
8986
5948
823
3664
3936
2334
142
2372
9170
6714
7631
7641
9501
2323
9410
6635
5671
8089
9646
7860
6735
5614
8264
6386
5830
7265
849
1520
4471
556
3500
7235
3363
2537
7807
1021
2038
2353
8413
4916
8959
6114
1413
8670
3352
6407
5687
4666
1300
1895
5425
1572
9592
4572
5773
1088
8393
9883
8305
4594
5987
9044
4983
5906
7035
4267
2867
2128
8480
2947
5720
6105
5109
1978
6547
508
3206
1155
7503
7455
9720
2382
2464
4729
5499
5156
1936
1313
7471
5313
6750
457
6292
2130
6013
9614
5641
4486
8788
8266
8459
3836
3453
8095
7398
5158
5635
6490
4621
3163
9455
1402
6140
4650
5882
7560
3050
8991
5488
7731
7902
2605
2119
4053
4765
3627
3191
8436
3180
3127
2888
6763
4485
6391
6715
4368
5879
9523
8389
5742
8090
561
9479
4896
386
5457
8143
4430
9071
3563
6609
7910
4010
726
3207
1807
7909
6495
5844
7944
4705
4262
1173
4611
3480
5467
5659
3579
2166
271
5159
5389
3068
3437
6241
1207
9436
125
4574
2526
6395
3558
6731
5702
7229
6091
3472
9662
8596
4909
1582
2544
9422
218
8044
9788
5684
3144
7678
4790
2906
7702
2481
4491
6882
9291
8734
7655
9444
2675
6657
8473
7223
5818
905
9587
3846
4353
773
1244
5802
9527
5809
2148
2727
6306
9379
3985
1922
8273
6592
2167
9199
357
7679
1639
7087
988
4984
3600
9579
1555
7498
8777
1487
2856
5431
2569
2340
1730
1075
4676
1135
9417
928
6040
2080
4788
8508
3729
2356
2589
9551
8536
3254
1925
8060
2516
3866
4624
2428
200
6133
5885
5755
2073
2868
7979
8361
1905
3665
2869
3351
39
7125
5268
7616
4168
5883
8557
1318
3676
8620
1353
3791
9723
8337
3145
8325
5041
626
6362
4549
8537
8700
7056
6529
5538
6697
3233
8790
575
7587
1466
180
2584
6455
6952
3693
4615
6925
8351
267
6149
4357
3029
600
2351
6422
3316
4488
5526
6847
4198
8723
1078
5496
1979
8192
1933
8925
9144
9709
7576
1709
9309
3096
9132
2607
6
9257
3102
9027
4334
8802
3548
283
1203
1784
3360
3365
1811
5711
395
4560
3690
6781
8196
5121
6184
1630
4831
7388
5553
1729
3529
4863
3340
6038
172
2610
2898
9365
9406
6127
3961
9703
8288
3734
6154
9352
6606
3979
5611
7505
6400
304
3224
837
7563
2686
915
188
6179
8360
9402
5570
1872
31
2980
9508
5918
7874
7843
8154
4346
9370
8190
9911
6214
327
7436
9385
5269
312
1589
9336
7019
7444
1853
3699
8500
217
6480
8490
9268
4943
397
6369
2125
5668
6086
2519
6570
9439
338
6130
8009
7487
9664
2520
6068
472
8876
7990
3640
8282
1952
2018
8680
6830
5938
9005
6057
9474
3897
3796
746
6252
6424
9511
8291
683
1423
3109
4561
3913
2937
2283
5699
4204
882
2525
9487
6211
1638
4487
5211
4456
7366
436
3128
7799
1054
2436
5954
168
4731
9055
8020
7510
2305
21
8410
2473
6873
405
8151
4194
2064
3101
6144
7030
8206
2695
9029
6780
2024
8014
3189
9701
2668
4272
5820
1400
9478
145
3212
7806
5356
7938
8467
85
768
1723
8926
1900
1524
6394
4787
5994
5200
2438
4172
3870
9825
2260
5273
4780
291
8637
5505
9964
6417
3577
2646
9463
4571
5146
2792
3331
9544
2034
6366
3618
3915
8630
7273
8862
1974
7568
5352
393
4170
1820
8405
6283
7709
6494
6759
3089
6269
8801
5190
8754
4764
7231
7763
8949
6234
1258
5458
8163
9960
3706
3670
5195
1930
1017
2200
5600
5629
246
1517
2164
3793
5569
8628
8207
7784
6482
3522
3076
8478
2105
4567
7688
6478
8070
8227
265
854
1957
1804
8635
71
9006
138
7689
9648
7369
6680
5981
5625
2302
969
9721
3666
3120
5441
1814
2618
462
7556
9710
2587
6768
9547
7755
8922
3428
4216
1901
8029
1281
6326
568
1580
8683
6351
761
3860
9787
5837
317
90
7732
9782
348
3894
3821
5123
3881
1726
1780
8844
614
5230
3454
2931
5678
3561
5014
4128
8248
5770
536
1585
5053
6514
6929
3276
852
8804
1460
6955
3758
3344
5308
9991
8573
7214
103
3978
1386
1189
4153
6989
6131
3962
2363
8792
6277
8176
6059
993
9772
8736
7293
4254
1665
2328
6427
2445
2358
1283
3013
5274
781
9626
5256
292
1883
7720
689
6596
9482
2631
7951
2528
3672
9146
8205
337
604
8835
452
8765
3259
2501
1849
5180
1831
1059
5065
1263
2992
2547
8101
6331
8116
9301
3432
3692
4046
5902
1758
4839
2503
7114
8489
5561
8744
9483
5610
8287
2951
3839
4669
6875
3521
1949
3223
5919
3895
8769
9162
6294
3395
6615
4099
5771
2423
9145
1085
542
7895
7875
6261
5947
9697
2734
8631
7838
5651
7485
7216
9576
2774
2314
1406
6646
214
4699
9407
6553
4656
4701
1661
5035
941
3653
1455
7334
38
4309
3367
2542
4235
1711
9744
2961
2534
9573
3056
2926
1107
9843
6543
3662
5320
9259
3155
9158
7823
6842
7775
8251
562
2439
8911
5988
6439
9789
5257
8517
2653
8775
8894
4826
8502
1504
3284
2552
8921
3197
1500
8832
7504
8112
7233
958
9476
9289
4329
3544
7129
8398
3098
8213
8001
5796
361
3509
2756
7635
4563
8498
4007
9985
1272
5073
8699
9130
1522
876
9804
698
3982
4199
3061
4845
417
7786
6849
2419
6627
1496
7642
7773
1133
4165
5642
4890
9
4473
2118
6787
9099
8591
154
6055
8031
3433
4209
6992
6760
4145
2113
3353
2086
985
9101
9200
4689
2599
5556
3806
3285
1587
4301
923
8601
3473
7914
4477
5017
8093
8464
2735
4451
4089
3515
513
9120
7130
161
6315
266
1284
4521
5285
610
5129
4641
3922
2795
3161
1856
927
8726
94
1559
2409
2576
7091
8633
4708
8006
5439
4509
7457
1955
6200
9054
307
6617
2977
7737
2708
8980
2490
1022
6161
2238
388
257
3595
6223
1951
6470
1329
9503
961
1716
6639
6660
4818
8303
330
201
757
2455
7708
1335
3416
1535
9164
7090
6836
1260
4376
9213
6168
3449
9254
5060
2830
3150
4439
323
1547
3071
6156
7311
605
7833
8005
6220
5380
1355
4922
8172
396
2272
8506
4009
7164
8689
1188
2036
9013
4403
2914
9107
9039
9634
1480
1026
9035
843
2707
3496
30
8511
2807
4898
6020
2196
1241
6891
3731
5731
6513
7256
6311
3230
9049
2870
9568
3901
6177
5766
7526
9604
219
9186
5106
6939
9205
5130
3293
4925
3968
1410
8553
437
9824
802
4783
834
1795
6511
5944
9805
3429
3724
7258
8262
7191
4072
522
2764
1699
5797
6274
7429
2836
9036
3545
4856
2156
9754
7482
78
6809
29
9322
6263
8474
6913
8901
9630
9028
2280
7237
4028
8970
2696
9194
7336
8254
3138
4607
6015
4175
8362
70
9238
9215
9616
7402
465
5045
1044
3596
9414
6510
1146
5237
4987
6081
1359
5650
6721
1010
1060
1993
9766
4993
2387
3799
4205
5527
4248
4169
4721
343
7798
1366
4528
1293
3873
647
5023
540
4413
4110
7480
4586
8229
1893
8203
8701
1045
1461
2275
6950
7100
4589
476
5903
3733
1280
6656
6322
8841
6174
9139
4210
9849
1285
5338
2411
9645
7490
104
3245
3385
5046
7637
2679
5706
6046
6644
4320
7721
5604
4129
7133
8382
2158
4875
9397
5931
8096
5414
8920
5825
4103
7145
297
7662
2712
5364
7789
6436
3289
2791
9922
5558
221
8943
8348
4497
2571
4864
4167
9979
7994
1016
4476
1481
5663
7082
8889
9827
9050
6357
1175
9702
1783
2657
8496
1538
5334
6249
1586
2941
6746
1628
724
8540
9231
7868
7225
251
6250
8732
7866
5011
1617
6500
7621
6531
1179
2239
1964
662
741
738
3976
3649
474
8892
2333
1122
8376
8546
2979
3053
7437
1717
3904
7509
6501
5710
7735
1325
2703
3211
5637
9064
4188
2635
597
1123
6448
1328
9461
2982
9897
1388
6554
6444
7916
8561
1221
9525
6677
4761
8759
6353
4137
4157
1037
2236
6641
2573
8551
9890
7898
6696
515
9839
6737
810
5357
8819
9378
5636
2369
9236
1782
356
5451
3332
4750
5452
4982
1673
5112
118
7269
7681
4183
8712
9738
6561
4697
1451
986
1966
6054
2248
3868
9189
5696
6568
7003
702
2311
839
7999
4591
7629
9896
3348
7751
5092
2683
2327
8774
2506
6291
1830
636
5936
5461
9708
7301
9629
3347
9328
4443
3300
6230
7149
2919
6492
1475
8662
8126
9172
5160
7359
4091
892
8107
8021
8651
543
9357
5253
4596
9256
401
9449
4644
2279
2256
7766
7736
8816
7666
4011
3123
1561
3855
6383
2378
7753
2426
6312
8622
9253
3606
853
960
2106
9241
1881
4352
6343
5225
2265
7727
4600
6530
1377
8535
2268
6521
1103
9741
6382
358
4781
720
6732
1227
1908
8359
1835
1772
1798
4227
1595
2810
3801
609
7040
5601
5259
3121
6426
3288
6418
3064
7327
1391
6466
369
2732
8448
9311
3991
8874
2308
8269
8799
1345
7321
7270
4685
4627
4465
7138
7403
6874
6611
7294
4055
507
3243
5956
6175
8558
2843
4043
2602
7756
8727
7684
6967
3926
9156
8779
7570
4349
1110
1138
392
5511
9756
857
7609
5484
9698
8486
9079
4704
2752
6180
9174
1824
6868
9577
9009
5203
7863
276
2284
2190
413
6266
4752
6923
9270
6517
5087
6736
4935
1927
4547
8292
6528
6676
6912
4953
8618
1144
1910
8071
4693
6973
9413
7363
6843
8529
9512
2142
5067
9269
4604
6785
6793
2575
9899
1663
5623
7739
9768
692
6449
1613
5866
3277
9076
194
6962
3047
5241
4433
1324
8639
976
4295
524
2689
7276
646
5078
6457
8836
1147
9068
3117
6146
9198
7079
5997
6384
1264
637
8642
7093
3720
6109
9364
5375
8871
7542
8354
3441
9707
7683
4612
2630
6332
1415
9403
6893
2946
8966
7768
2218
6773
6740
3787
3286
5950
2074
1172
7405
3658
7608
9541
4891
8912
9732
482
6591
9204
3292
3966
7323
5857
1697
5312
5798
7934
9356
1656
7204
8253
498
8654
2913
1537
9658
1728
8299
7544
5209
6683
1298
7198
7663
8924
5062
5265
5069
2670
2437
9809
7500
2533
3538
4539
6571
5179
3355
3275
1074
1539
1174
1866
3568
3523
9532
8225
4545
8495
7
5974
4801
5817
7497
8487
5341
7155
2750
648
5645
1511
6790
631
3407
7548
3641
7699
6465
5916
1892
6583
8590
3585
8695
3306
949
5514
2940
8576
8131
8420
3946
539
3294
7782
1924
7303
1086
1869
1247
7243
1374
8174
7961
3122
7343
5985
9649
4910
9210
7622
8768
3414
5626
3417
7084
9779
4871
2632
7501
6102
6775
2899
5633
2652
4835
68
8851
1228
4630
6314
5568
8457
2557
4088
6411
5404
9327
715
5144
2441
3580
5794
3759
2538
6575
7186
5718
1684
2988
491
5822
9762
5593
1573
7211
2121
1899
943
3048
2563
8065
7754
2596
8805
4092
5335
1720
1722
8157
858
4966
3834
5691
7645
3231
8973
3034
8688
6128
8611
6275
7274
4601
9845
4475
6628
6296
2904
1401
9175
851
2183
4100
4297
2346
0
9928
1848
8437
1004
9255
4834
3173
3708
1650
6132
897
953
4551
1608
3744
5363
5540
4653
3722
8606
2803
7232
3526
8320
59
7825
6158
9823
2147
3788
4686
9415
7127
2900
9857
555
248
3878
3840
1361
2651
8390
8165
206
8396
2834
28
8458
5501
2840
1548
906
8055
2680
2725
5639
5246
1497
2075
5535
9771
1485
5142
5934
4335
9411
3886
6446
7649
5778
1193
9295
9572
3091
8397
3193
6185
8794
3608
8755
5381
4942
560
7339
1320
8521
6227
7846
1100
5456
4933
6089
9584
5111
2929
5232
5787
8607
9061
6255
9948
1919
167
1583
2564
1688
6254
4315
8160
4421
4501
5093
6493
547
5881
2198
2376
2499
2444
8439
7987
6108
7582
8304
4292
2084
48
9942
7669
4442
368
2687
5776
1906
7867
8108
3802
633
5031
5336
697
6451
264
4241
3226
3097
1740
7672
1649
5188
1437
5999
2819
1316
6690
6014
2404
6765
5942
822
5701
6321
1785
5589
8995
6899
3510
1855
1749
4631
836
2893
7484
9277
4277
6475
8556
744
1132
4370
1605
6137
8476
7982
5592
5304
3835
5075
5534
3849
4304
712
4064
8848
4225
4033
2566
179
5581
7467
9339
2890
6685
3820
3541
6218
1683
9650
6398
8842
6536
1049
9934
830
6565
3368
2848
4393
2339
7657
2016
4117
1057
6757
9920
2377
2910
3152
8279
2702
3524
8625
7385
8469
69
4474
3993
1462
458
6937
7794
1568
8391
1471
213
4261
2021
790
3637
3287
1543
8403
1509
6824
7496
6527
1885
1592
3877
6786
6776
280
112
8211
8868
9306
493
8210
8704
4063
641
5226
9340
7750
602
3279
8038
8946
5782
4929
9179
7128
4908
6871
7877
754
1741
4189
3026
1161
7096
4097
4278
7817
8648
6919
8685
8735
704
1322
9075
4744
8122
3674
8032
5262
921
2395
5585
7926
1983
9435
8526
7580
6640
956
5397
8586
2895
4556
9192
6805
1435
9012
9675
9981
5489
6695
2758
3740
464
1235
209
696
7238
5294
1367
2019
4659
5231
6042
9858
1347
4240
6242
2242
3459
4773
7747
5914
931
414
5924
7713
8141
6745
8232
9171
4949
5162
7955
7031
5890
5119
9669
4950
6347
2835
9657
8013
4208
3425
5889
1314
5483
5349
6222
9939
531
2206
1527
4036
7564
4452
1150
8838
9087
1159
889
894
8785
2523
7956
1781
1224
680
5174
445
5613
4323
5149
1219
8224
8977
7483
7653
3519
9346
4120
9456
6563
1478
9136
7937
9752
8002
7680
5783
6352
2541
919
4383
5921
3984
7370
3439
5288
7074
3907
4595
2011
2716
7391
4164
1887
6975
7903
6039
9089
7209
7643
1894
9196
1011
5910
9916
572
5446
2956
5044
2401
7803
4327
52
3381
9302
1787
5804
7978
8687
5224
8404
1286
612
2606
1792
4239
9872
4023
3349
5460
9440
6833
5900
216
8918
4150
3540
6673
1443
4472
9925
2244
6678
7368
9105
2889
1493
6403
7566
8296
4494
2713
807
1143
7536
4412
7512
3359
7890
4673
3546
6607
6951
3307
1533
2007
7409
5966
3621
7101
7210
748
9678
8302
7858
1724
3182
6889
5664
10
503
2421
9722
205
1473
186
6600
3176
3057
3601
9578
2228
3025
3325
6648
2925
6052
5001
3248
5836
4798
3436
635
8972
7520
173
2911
1515
4577
3042
3669
9923
5587
6831
8379
5448
441
886
9427
5892
9388
1736
6307
5597
9758
9651
5033
2746
814
5868
4900
5034
9714
7623
3549
2763
7180
6286
7206
1797
3678
6914
7650
6601
2047
5297
5991
3272
2892
8942
1647
2003
3694
5996
1611
2257
7187
5154
9219
9613
366
1306
7932
2536
8372
2066
4479
5864
6298
4328
730
5899
1232
37
1197
2091
7998
5094
9251
6388
760
8964
1680
5270
9853
1430
269
9776
1762
460
5170
459
5
5171
6947
6116
2600
881
3175
9206
9149
8883
9962
4294
5831
7601
2514
5233
9777
8505
5438
4918
3366
1250
7861
6724
4034
1067
3790
9628
4310
2071
3899
5884
8257
9297
229
9559
9398
9653
2701
237
3648
3041
3086
2619
111
4144
2076
8784
7700
3859
4735
4609
8885
3565
8311
673
7425
3974
6389
2063
1231
9274
7469
8716
7416
2733
4960
2866
4527
1958
8133
1590
7332
506
3450
8276
3164
5370
5228
1681
9560
8554
2104
7326
3242
4712
1746
1734
9537
8905
880
5166
1600
1607
346
9434
9557
1800
8948
6318
2767
1233
6084
4083
3125
3266
1145
5616
8494
1687
1185
1031
2301
1934
5573
1434
4300
2454
5578
786
4123
2629
1023
2550
360
3635
6713
4404
2647
9606
7033
7440
8350
6406
7182
1499
1731
9010
9812
2039
590
9627
840
7567
3203
4671
477
1152
5859
2054
5359
3620
6479
9829
502
4237
135
1644
6036
6231
1938
4305
2254
3607
8236
9349
231
9059
1076
7692
7613
7217
8130
2766
9530
6701
2790
3959
2620
5807
4319
4623
1309
911
9900
758
295
2801
9355
1349
1990
7054
4746
1482
5202
5097
9312
7212
7575
5969
7058
2338
5124
7005
7354
5464
7948
4978
8365
8552
1601
3462
1333
981
9760
2129
4998
89
9495
3263
9152
3044
7143
3614
4251
2876
3172
8263
4340
9874
4313
7834
6900
3650
8798
3115
2626
6940
3148
3777
5729
2699
4382
9971
1502
1932
9229
9498
8831
5418
3569
8859
9832
1519
1805
5332
8363
3218
5982
399
8711
1038
6080
1890
5401
4314
2998
6450
4029
2029
5662
3250
9011
1790
364
6890
4642
6143
4851
1940
6549
2344
871
3567
4338
8098
2398
334
7205
6423
2067
4951
7572
3743
966
5971
808
6539
6461
8603
9244
7949
8027
4107
9298
13
1675
8238
5713
9796
6248
5019
9111
896
4085
9951
7682
131
8321
2507
4717
4196
5399
510
1565
1230
4106
9957
3591
581
1793
4018
4330
5358
7174
6508
5741
8255
7448
8664
3634
8584
9724
3852
9143
1226
1686
3378
3202
7410
677
79
9944
4142
7493
9846
3099
2191
3633
3373
3001
5555
1403
4271
526
5543
7873
3822
4884
996
8891
3060
4155
9873
1701
3534
9806
3903
574
8045
8997
5080
5052
2509
7219
6170
4111
3305
8170
4411
5276
4369
6088
9228
5323
8501
7428
5343
1373
3698
2769
5602
2574
105
6820
4405
734
7067
2502
9844
3147
2698
7851
8989
86
5330
5218
2987
4967
3054
4972
4858
1317
2978
6949
7340
7102
9838
9123
982
4424
9183
6287
198
3434
53
5207
6576
384
9462
204
8123
8024
4805
1301
661
860
422
5026
1134
1596
777
2149
7427
9073
7984
8078
5050
3216
6043
4736
4293
7021
801
4215
5004
3612
4776
6491
7701
7215
2232
2109
8863
4956
3623
3764
2237
8827
968
6599
8968
8572
8954
2873
7952
7199
8155
8454
8641
1251
9314
7355
2724
6730
6537
770
4514
7953
3830
2184
43
9865
7057
9961
2253
7141
8741
9570
669
2352
1956
4684
8810
6753
3002
9956
1446
1307
7083
2026
5681
8575
6577
6112
5481
2828
7924
5870
9376
4362
6712
6414
6117
2622
5292
1115
6034
1997
2781
4416
7406
7011
4086
8358
467
7442
1371
2815
9761
7612
8579
326
3410
8644
1645
136
9729
5980
825
2822
2706
6257
1454
2446
5566
2580
2276
5584
8773
7257
8177
4324
1946
3488
1532
6300
3291
239
9316
1109
2221
552
2688
2548
8377
3654
4843
8542
818
3723
25
6689
3409
7068
6129
9716
9265
6717
9124
8514
8258
8440
4994
3484
2406
2909
5609
4407
5939
8085
7776
367
8568
4173
1421
2839
9025
9018
5495
4719
4202
4388
3431
6232
7443
2178
9706
3712
4372
5795
9753
383
3379
3006
1662
2558
2211
1623
7137
4535
3489
4616
8717
1414
4778
5344
1719
2030
565
5816
3334
2049
4980
5813
8691
2800
2748
2287
1725
3494
8352
4837
3844
3330
83
6562
3507
4785
102
4760
7841
845
7372
8373
4203
4375
2134
6972
1405
2214
3604
433
700
9938
6584
2425
2337
4311
6953
6907
9450
3747
2879
3780
8944
1297
2928
9112
7813
6433
2264
3725
2806
2161
3045
2715
785
4302
740
3911
9454
9674
4212
277
9453
7285
9377
4243
8275
9165
933
3543
33
2776
5911
8626
9543
9404
4206
3200
5020
1911
7797
4051
3727
9133
8310
1018
1292
6452
9113
5212
5628
4645
5284
3610
3660
1698
1055
226
4200
7088
8378
9666
7857
7200
3142
2896
47
645
4437
8012
5733
7120
6852
5863
4154
2762
9343
2858
3235
6173
6838
9216
8776
6637
4133
42
340
2281
1186
3631
9015
679
9187
2199
8659
2025
8843
979
3329
2394
9841
7220
4674
7075
8595
9126
2348
5459
1980
8289
1412
9180
3768
6578
3280
3673
5353
3570
2837
249
9571
2969
483
8605
9214
3537
4500
1136
6817
6569
5520
9535
9386
8706
3238
1939
3458
208
6931
9548
5321
5393
9870
4677
705
6077
8488
7744
3290
6486
788
1303
3562
8184
6328
7604
2970
3941
9366
4617
2805
2051
8429
6141
4811
4815
9997
6344
253
8961
8864
6996
5272
1552
6532
4565
1066
7468
8565
8988
7913
8144
390
6404
335
5765
8175
5909
5580
7618
4394
5472
8338
3324
9999
9134
2138
3124
2973
4542
7508
4824
9637
5278
5772
2188
359
9988
9286
8578
4576
5251
4365
1564
4459
1847
1571
6860
4986
4515
8179
4021
99
2180
4428
7980
7020
9486
9042
4820
5848
4273
9190
5417
2955
703
7472
1602
9603
2163
6359
4151
4024
8243
119
6310
398
8984
3902
3158
5665
7338
8076
6367
8604
7811
4530
714
4511
4726
4492
9821
8223
7119
6031
4124
6979
4185
4038
1453
5223
2531
2737
5908
5316
288
2491
7712
3701
5855
8771
6525
4351
753
2532
8019
1637
1039
9847
5826
3804
3865
2246
6688
4419
9227
2722
6897
1693
256
9862
1528
7433
8985
5250
920
3810
8655
9318
7826
3088
4865
3093
4366
5673
2413
4332
4184
3933
1654
8778
2102
5043
2035
1440
6866
5378
2603
7862
7000
8295
5542
8707
7547
8082
1677
708
3174
5463
298
5717
7328
1915
2887
3049
8647
6904
8069
1775
2967
4136
3008
1619
8399
163
2397
4507
593
8828
8763
8290
2381
2463
9502
7313
8550
6927
7828
5862
938
9750
8709
1744
8427
7418
4307
2522
7284
5583
1839
8783
6150
9007
8817
5523
2797
7674
1610
2524
2366
2087
3770
4322
7927
8686
9599
8923
8812
4042
6829
4401
4906
349
5644
5575
6147
9842
7341
6346
8955
5715
8278
5725
1690
1308
4282
7378
6094
9609
1622
2210
4661
9851
2097
9885
9109
2582
7426
7438
7401
4668
4646
150
4800
454
4754
1029
7897
3234
3942
9927
3808
8186
2390
1748
8189
6334
8791
8312
7330
4897
7946
7246
9350
4580
7290
8881
1569
6535
3969
5194
9538
15
6023
5314
774
588
8720
3357
5594
1597
6208
3916
1140
2608
2593
4519
3028
3350
3452
8592
4945
2374
7431
6834
7993
5603
2085
925
8522
3845
3983
2139
1369
3036
4720
6178
779
3398
5275
2414
7519
1612
6025
5574
6377
1765
2458
4889
9475
5693
3478
336
1106
7386
992
6770
4714
7904
4504
8271
9104
6722
584
1071
2878
5424
4882
9282
8169
811
7449
7167
7203
3751
3195
7908
3016
7459
884
4280
5646
3505
3190
9094
299
9185
3262
5395
3358
3615
2150
8873
9043
1166
775
652
5090
1935
5348
4786
5913
6096
6767
9008
6115
3807
2927
5595
5871
3382
2175
9117
2092
3457
6085
81
212
408
363
5647
3167
9290
1742
4946
7144
2543
9496
6985
3965
7975
3302
3482
8786
9093
4132
6195
7172
92
4550
4658
3309
5185
6021
9320
821
3730
429
5995
1706
9207
5685
9764
8283
944
6473
4541
6205
9271
3930
8315
4079
6556
9151
2168
3597
3192
8313
431
8268
1801
3388
7479
5110
5925
9276
5735
8833
4131
9082
4813
4629
9826
8939
8380
1217
6376
5450
4637
742
5829
2991
8386
5002
4355
3335
9580
5151
7524
4371
521
6788
4709
6004
2555
2261
2126
5978
8195
7106
6858
1050
5945
8872
6756
5351
900
2391
7781
989
1340
1180
4532
9947
4770
7324
1788
8323
8100
8015
6467
3714
3841
4
7553
7136
6276
7397
339
1032
6204
8909
4633
9521
3389
4463
7175
7607
8781
1278
5147
95
306
6804
5504
7407
4619
4017
4634
3270
3856
75
2871
6412
4231
3862
7026
8752
1584
6922
1041
9830
9360
5236
4703
7539
2420
7126
685
1651
301
4030
7816
480
2159
9260
8117
1682
613
6305
3811
7761
4772
7193
7929
3996
5582
3063
8956
225
9986
3853
4423
3622
7266
3611
3783
3415
1832
9888
4228
1806
4924
9021
4336
9221
2935
9147
8627
5707
3590
5703
4695
9813
5780
5858
5432
262
6693
5305
5833
5757
143
8824
3005
1556
5518
5373
2319
5905
7411
3464
9401
7573
2000
1098
5138
2385
5365
929
1276
9472
8433
2778
6070
6062
8460
6738
660
3078
7687
1526
93
8322
867
9466
3116
5727
4517
8286
1495
98
8164
8878
8661
3912
6365
3986
8900
1257
9497
7234
9665
4959
5654
8425
2515
501
2269
4057
6165
5136
321
6372
676
3442
9409
3900
8915
5565
3183
1344
2821
3298
7304
3317
916
2512
3084
9387
8142
687
8507
2306
7676
8046
9375
3313
1606
6879
3843
1566
4478
189
6704
2760
6236
7194
9488
6432
8103
5311
4255
5421
3411
2335
7318
6278
3187
6642
3241
1982
9137
2915
9118
3767
6370
7160
2851
1452
192
2694
7793
6728
8713
6187
2208
7654
5061
1404
4904
4722
6808
554
8217
8444
7240
5658
5430
9713
3318
8658
6056
6928
6995
3143
2825
46
3696
9993
9659
176
651
4756
16
1718
1685
1822
798
3219
3451
6118
5282
6896
6364
5331
6794
8806
5726
3757
3396
4112
6166
7177
7076
1763
4503
2154
2554
4554
2462
9545
6099
3981
5586
3430
8417
621
5808
7389
6908
3571
7791
3011
8327
3386
9819
9315
1025
5993
1540
4238
7412
1192
4506
5165
241
963
3927
365
5835
885
8475
5386
7876
6978
4716
7489
9261
6498
1667
3805
585
1902
65
7010
7506
2674
6821
5306
5443
2597
5240
1269
9554
5810
6459
7045
5435
9033
5937
5376
6345
7969
5894
9338
5008
5874
9108
2010
9884
3957
9546
8028
4958
6074
4138
6072
5529
5181
5551
376
875
3629
8003
7671
3628
9119
8916
9591
2816
7184
6188
922
5440
3652
6224
512
1542
7854
1218
7305
4233
5371
9715
2367
4782
4713
9668
5517
3876
3532
228
5059
8538
5779
4325
3380
2373
6742
4934
5660
5400
7943
6976
1182
8118
9677
7029
4523
4446
8653
3015
7668
3256
5657
1053
1484
7588
2736
7085
5608
5229
126
5281
120
4817
3914
1578
3955
3269
3833
8324
8064
1541
9437
5756
891
3156
9223
7024
5968
7277
3055
3869
3909
6410
7156
6791
5666
7529
1523
2922
9887
2042
5692
7158
6487
9908
7239
6373
430
7312
5433
7667
5016
9224
5204
141
7419
7514
4070
5643
2222
134
2504
2690
5048
6120
2402
7115
5867
2611
5984
7050
9786
5689
2171
9230
8530
9639
7393
2744
5085
3110
419
2174
1554
9817
3803
6145
7453
9070
1530
710
659
9017
4672
1705
9211
4767
187
5239
8079
9783
2897
8465
674
2609
3871
4408
3490
2704
8270
8387
6783
6815
8559
7456
8016
7847
3995
5005
5827
9602
999
4999
1275
2697
9416
4872
3133
2059
56
833
7201
9066
784
1424
2081
9848
4380
6024
3719
6524
6167
3094
1529
4458
8904
7968
2660
664
1657
2262
7925
1737
1834
9331
620
8043
7316
7109
1633
545
3046
9161
4804
7342
2349
6652
7380
91
9419
8204
7878
106
5525
2354
1052
5964
2799
9102
625
550
7475
4232
1521
2943
4903
1614
4444
2453
8847
7374
7152
7589
2295
5675
1148
7473
5549
2743
6051
310
463
1486
3418
2364
4449
6009
8388
6802
1035
4179
6390
6468
6136
4878
3518
5406
4075
9882
4402
311
1099
64
8782
5697
1503
5462
8202
6017
8829
6994
2672
3274
2380
4467
1534
3781
5362
4955
9794
4126
3326
6073
1158
5391
2714
4682
1959
629
6429
9860
8839
4229
7260
424
537
789
2014
8408
8208
4564
1514
1341
9032
486
1789
684
9184
7920
7534
7901
3815
2285
3196
7310
5396
8632
3643
1506
7822
9363
826
7331
2202
9998
3225
5764
7852
4400
7670
1163
778
1332
7554
1937
803
63
3867
8826
8340
930
2361
1551
6045
6317
6664
3403
1277
5103
3880
1923
962
9854
4771
8366
372
9792
8609
551
3400
8914
805
3062
4995
3265
5172
1338
8421
7118
9711
7889
2872
190
7726
7382
2400
8979
4435
4361
9820
9785
4860
3
2193
632
5350
9692
5296
2384
7602
6333
2787
2365
9536
1833
3052
8086
7042
8384
3390
6139
4061
6309
6818
3891
5588
5949
9564
7299
4939
3014
9798
5193
2341
8067
8555
5024
4895
114
9810
1383
353
9877
4854
4836
2495
5374
9801
7365
7821
666
5823
8061
7627
9623
2832
9226
6258
5758
4027
2186
2389
497
1209
8587
7620
1631
3461
2784
6846
139
6477
5842
3422
6238
5101
2230
2317
5337
6329
7759
3514
8645
9836
3713
5695
3511
1950
2612
1984
6171
7197
7870
9686
8237
2194
3528
3401
3798
1513
6723
1385
4047
5548
127
8780
4974
471
7464
6244
1327
6207
9178
8106
316
898
8314
9468
9586
2299
4883
5508
9514
8415
3771
2595
6709
9755
9763
820
9442
2645
7262
4417
8332
9222
6018
4568
3746
2487
1465
5261
2601
6579
1200
5801
4757
8135
7586
1201
5622
2220
3659
5524
4814
6839
3393
3826
5465
6110
2921
9526
6945
549
2775
2949
4599
3455
8928
1472
9679
9323
2636
8684
1961
4988
2559
484
1759
1077
5781
2043
9166
8729
5638
2145
2213
274
6375
3171
5360
9484
2427
6082
7463
3858
171
5843
2570
7809
3949
4885
1544
3341
6303
7242
7066
7690
5102
3952
8850
9929
7474
3572
5861
1646
8233
2975
8346
6360
1768
1360
2204
5740
838
7515
2916
5169
2497
9773
3460
275
874
5904
8109
8679
1896
6095
7694
1362
1070
7992
1549
5191
5532
7888
1047
5560
6647
4559
4426
6350
6555
9367
8531
8547
8491
1253
9994
2780
9448
3043
6588
9816
4606
6280
5562
2859
2560
3663
7347
6122
2757
9654
8171
394
6623
6828
5617
1691
918
8899
5579
4035
7617
765
2089
1931
7771
5519
3372
9895
3774
7254
7148
4226
2923
8580
6924
7486
425
7123
6050
3857
5563
8567
2677
3920
300
8854
5941
3010
3785
869
1184
5975
9278
1826
4286
2983
3817
1490
4775
6825
2456
1191
4002
2065
9242
8349
6186
4191
9881
5550
8845
329
169
9267
6901
6702
5302
4520
3645
1433
7941
3376
7376
8383
681
1
975
3932
816
6323
3602
5640
9743
8245
40
9581
8011
3550
8562
7292
5000
9793
8113
9469
4050
8083
6476
3303
4997
4692
7112
6483
4466
5099
5528
3951
5839
4680
5098
3683
7714
492
4118
3085
5962
7282
6625
9321
9249
427
7251
8285
2639
7611
2759
5732
2201
6152
290
223
1370
4877
7300
7176
3848
2245
4420
4207
5661
9177
4628
9332
4414
9833
1008
9974
4848
9550
7371
1916
5189
8138
9072
4552
5307
3847
4146
8527
2486
4019
6064
3166
7161
7931
1199
35
9673
655
6472
7532
4127
5206
2779
1865
2435
3557
8534
2448
4795
3988
6268
9138
847
5131
3328
6434
5812
84
4013
9769
2048
2954
6538
5047
7767
5728
7006
8936
8967
4784
3680
2751
5552
9727
504
2396
6284
6999
8987
434
895
8136
8857
1968
1840
9704
8690
6558
5382
6216
4037
197
5928
1913
8068
4727
6458
3741
1809
2650
1124
9632
8462
4396
9859
3463
967
2375
4573
4221
3795
1222
252
3227
9053
9566
2588
9902
1169
1987
1536
7077
1262
2274
5117
6199
8849
4397
1111
1271
752
973
5422
5624
6726
2298
6217
4059
848
8088
4438
3007
8846
5128
6090
6981
5182
6772
6355
1944
5032
6856
5478
3136
7308
3990
2273
7171
20
804
3170
1064
9103
418
713
9909
4268
5104
1125
4448
2379
4769
3038
5800
3971
4706
7915
5547
6670
8541
3371
990
4592
8740
1432
1079
1063
2842
8742
4936
5217
8329
5263
9294
3090
735
6251
5120
5491
2768
5599
2726
9975
1679
3377
663
2258
2729
4870
7022
6325
4952
238
8402
7016
9737
3446
2056
8583
8194
7394
1755
9374
8681
5143
9808
1604
520
129
1864
6078
4660
3987
627
3554
8766
682
9505
6431
2844
2617
5705
6754
2813
500
8094
8181
4710
1501
9293
2798