539
819
820
541
658
995
888
598
285
959
68
793
623
213
925
988
609
179
321
972
331
540
511
497
276
806
372
371
151
548
445
197
503
392
228
314
754
735
851
333
581
715
37
579
763
78
953
425
564
194
305
157
520
311
292
692
39
4
779
124
712
347
785
562
848
428
762
374
853
141
843
593
380
282
431
993
210
982
242
429
51
367
306
463
990
865
679
713
950
128
784
740
24
426
742
849
41
257
338
114
533
755
936
365
761
536
499
142
287
107
170
737
109
456
521
229
67
767
929
621
187
641
26
457
840
395
717
364
704
155
346
396
89
750
28
542
603
30
313
238
798
84
46
873
253
88
290
256
918
171
926
870
178
72
969
160
449
684
580
814
943
105
996
614
106
500
513
898
408
718
628
801
258
952
964
36
31
2
751
804
74
795
560
547
207
377
440
601
139
226
111
902
525
125
378
220
949
649
646
350
934
552
878
252
586
604
825
254
478
861
291
924
13
189
414
508
462
379
652
880
69
343
461
204
493
435
657
432
644
452
184
818
923
235
144
867
833
724
491
299
781
746
999
927
809
470
458
239
294
909
173
80
345
636
373
766
469
442
654
363
441
660
726
147
634
248
328
897
710
831
0
117
356
678
384
637
335
758
908
700
79
695
655
351
696
91
558
393
705
653
249
357
633
93
940
66
483
589
211
162
592
65
280
734
153
701
788
771
302
455
672
360
20
156
183
994
787
760
212
674
903
494
968
835
868
568
174
987
381
709
690
416
587
895
901
640
234
132
707
638
146
304
802
799
382
100
544
5
887
476
12
159
584
776
90
783
699
23
915
81
594
588
928
727
505
892
451
939
656
606
25
625
822
524
582
57
298
16
514
549
419
545
152
48
882
186
300
863
423
957
846
837
400
884
407
862
450
569
123
401
618
595
575
344
129
789
410
421
448
136
293
506
591
602
538
405
731
471
667
394
570
920
386
495
353
131
643
466
864
266
573
482
526
110
310
303
942
612
834
8
911
44
498
196
62
17
206
112
723
676
720
537
34
64
946
852
811
531
406
682
468
954
195
938
446
749
188
716
683
221
883
876
830
58
739
630
850
417
143
844
278
922
334
546
251
702
958
668
553
752
813
703
518
223
944
585
866
890
119
315
907
53
77
986
583
977
70
899
485
233
975
875
913
559
209
56
534
216
810
1
686
836
225
259
281
728
61
83
82
778
917
454
42
480
288
519
877
411
9
63
930
941
675
807
626
774
312
191
29
681
218
962
730
627
680
341
916
397
437
154
955
829
985
247
615
732
120
309
375
447
980
97
323
50
102
905
859
816
933
479
279
832
773
512
719
932
38
738
327
803
427
639
55
736
786
910
164
484
43
845
398
921
361
979
122
322
973
871
501
103
443
283
73
617
296
316
326
817
182
121
135
607
7
886
733
477
768
255
241
978
889
481
527
673
756
355
181
14
472
610
745
467
502
693
893
15
951
764
409
984
857
577
691
474
264
504
596
32
366
624
422
140
648
998
507
340
320
974
965
669
244
869
325
273
894
96
743
622
855
931
319
948
339
284
896
885
52
663
516
268
563
523
453
230
891
914
874
741
332
947
193
297
881
75
777
772
879
389
551
808
35
270
989
165
759
571
475
150
689
858
906
557
576
841
98
3
459
780
904
33
991
698
529
566
687
616
263
190
199
665
487
970
854
359
572
240
412
308
203
823
697
935
376
796
530
424
528
488
611
642
275
289
465
172
167
10
113
620
418
200
390
236
354
324
245
271
222
267
790
515
721
250
169
509
145
460
561
714
543
711
826
496
336
430
175
370
295
391
619
971
567
349
166
434
237
631
215
149
19
613
839
383
805
815
486
945
274
821
824
11
960
369
708
18
163
261
489
217
981
227
148
664
522
385
535
134
307
214
330
661
966
791
860
176
87
706
694
992
137
765
201
158
387
872
232
912
388
243
666
578
600
433
590
415
722
677
645
729
647
747
605
492
685
937
95
198
919
828
651
108
130
963
49
473
92
205
556
797
550
404
27
670
352
725
94
138
219
770
812
632
86
133
246
438
671
192
180
104
71
358
842
827
597
115
792
983
439
126
185
554
629
224
635
650
608
956
260
85
659
6
301
54
45
775
688
22
510
272
599
161
368
555
60
202
757
208
362
402
118
517
794
997
59
769
40
399
444
782
286
342
317
348
420
662
265
101
403
490
436
262
318
337
856
800
753
565
574
744
277
961
127
900
21
76
838
116
269
329
748
47
413
847
464
168
532
99
976
967
231
177