8309
4823
4626
7359
7898
7509
4608
6536
3875
2086
7282
5773
702
5365
3269
4532
2381
8232
5876
6888
8647
7819
2325
940
2389
3232
9071
7054
8456
553
7380
2094
1740
1072
1324
9864
3756
3768
1565
5894
2923
1960
4092
8694
6364
6779
5977
7249
8797
2742
9564
7812
7835
1661
2779
5112
1235
8494
1830
519
1513
2
7156
2171
710
3942
4936
5059
2622
9557
3007
2552
7794
6971
1930
3083
4926
4551
5187
4219
3694
2091
8621
742
3467
289
7328
3530
4123
2689
2630
5180
5571
9843
5321
1813
8918
9671
2038
3403
5197
7206
9020
6518
2061
3002
7773
5821
8649
8201
377
5671
5751
9677
8529
7745
1794
7856
3547
579
5879
2484
4760
2280
5272
2997
434
4524
6594
8934
8794
1348
773
5130
9734
6675
5051
1967
771
2053
3190
2439
2832
7274
2798
7351
5767
2673
8221
4943
276
6333
3127
353
5562
3234
7194
9376
1346
1021
9238
4619
6465
4320
938
8859
4308
7860
5326
3697
7801
2873
4579
8783
6849
8635
5532
9268
1895
3229
614
4425
2743
7436
6502
6307
5118
9817
3355
1993
9042
112
7811
9144
4609
635
947
9992
2640
9088
4621
3753
8511
4808
7495
3845
9356
8504
9217
3019
4737
5636
9862
2341
2416
2294
493
8182
6778
6889
5478
2241
653
5873
2941
4199
9643
3069
7798
6397
3393
5717
847
3493
279
2040
8332
8195
737
5093
1945
2620
8135
5755
79
9242
4079
3556
9913
8964
2703
207
1773
3963
3595
8878
8081
6521
9369
3889
8184
9976
9483
3475
8052
383
4840
9222
3191
4053
1262
8340
9232
6539
57
9777
4406
1950
7855
7457
8054
4640
6501
2354
7525
4693
9588
7638
1507
87
4599
3213
8963
1927
3959
8471
5651
6047
6437
3350
8929
9654
740
3104
9941
6297
7148
3041
386
1503
9066
1780
7820
9184
568
9341
5412
8043
6331
8409
8207
1783
3925
2443
2969
6581
589
8159
5141
317
8129
22
1767
5833
4491
5923
8817
8153
1537
218
6023
67
3531
7741
8608
3840
6567
9203
9212
9364
1858
8828
352
2489
6580
6609
7087
329
4390
811
8974
9835
5256
4304
6726
1888
5592
2727
3766
9708
4730
7750
2428
8577
6563
700
7533
9650
8535
4317
7882
3093
645
5337
4540
7662
6088
6231
8982
2651
1358
3612
8368
6750
6929
7033
4236
296
1020
664
6560
9173
3391
8516
1618
1556
6002
8714
1071
1615
8121
656
572
9214
6138
900
7869
6006
9772
8390
214
8523
7337
2167
9241
3741
7252
8237
1909
9373
3254
5324
6343
8226
776
7340
7926
1473
3829
5897
2687
5443
1931
3219
5134
9859
4109
8176
6198
4851
7671
3527
7728
2372
1775
2547
3279
9027
8025
2650
6877
6208
9800
2229
8175
7783
8229
4594
5395
8497
7088
8610
7962
7534
9379
7109
6485
8115
1372
9728
8600
7558
3913
3615
6947
6025
2478
1181
7248
9408
4293
3729
5348
3310
931
3803
5329
4685
2156
9840
1727
4850
4785
3938
3458
1166
4951
2611
9441
1298
5987
6200
8213
5943
4247
1082
1291
8864
6197
2321
6053
7791
1782
2194
6452
1066
9978
9888
2107
8763
7682
2811
5460
500
2523
693
4124
836
7021
7650
5029
250
3312
9224
187
6616
6991
4127
8746
6079
6005
5817
4309
3524
7732
2423
5600
1936
8744
5070
5605
5992
5797
5024
6896
7456
6543
7807
8082
9874
939
7169
9848
1415
6635
4530
1750
8631
6910
7017
7324
3255
3235
4725
7876
5544
6101
5356
6411
6793
3777
9845
3968
1363
9479
8011
1762
6254
7223
4451
7834
7422
1491
2496
7164
546
7717
3974
2305
5657
7690
4499
2827
2878
8923
9391
6928
2098
2539
6841
9750
8260
7669
6833
9993
8295
426
1745
9741
9655
4614
1320
48
2279
9534
9526
6683
3912
6469
3543
1011
1446
2531
8308
9452
4009
1717
1995
4224
820
9493
8868
5377
4368
7653
6368
6354
570
5828
5429
3858
5367
1233
9055
981
9868
6217
125
7493
4884
7781
9637
6715
7470
7029
1292
7013
1994
7862
7963
2486
812
7953
2749
2728
9928
4888
5464
7475
6853
9696
9695
5177
2473
2278
1276
6335
687
6459
4126
6084
9747
5499
550
2537
2378
8512
3562
9362
246
4143
4807
4311
6812
1933
7443
807
4682
6601
5794
4235
5896
7056
9719
5394
1687
6808
2001
9693
5606
2609
9876
2274
2069
1781
5136
6517
9161
153
8566
7752
8679
2937
5520
6157
3049
2647
5137
4065
2213
9109
9822
1675
3057
9357
6323
7877
3677
8291
3812
8346
1978
5791
2528
1451
9847
6981
9192
160
5963
9880
5860
7580
5339
5199
8186
1747
8266
8579
1142
3397
4598
3666
9425
3318
6042
5263
343
3357
2946
2756
5661
9814
9831
5214
2160
1463
1109
7118
8337
4945
3103
5869
9337
9174
9101
7125
597
6510
8290
2301
445
7396
474
8431
4975
1774
3401
6835
6123
47
1209
6363
5423
2593
774
4445
2044
169
4434
4367
6894
3586
6067
2168
2901
5899
2078
3734
2424
2254
3800
8490
9395
7754
3381
204
8328
7421
90
8035
7574
8862
3370
3170
6145
7471
202
3134
1585
6194
1376
3106
9528
4749
2995
6689
2574
5309
5966
6892
8505
6280
9326
4475
8645
1117
7800
8360
2007
2253
3039
6044
3988
9251
850
162
1360
7190
3897
5956
8485
4071
6756
5708
1701
7325
7432
3159
813
9078
8317
180
7242
5215
1341
3342
6273
5318
9428
5570
2530
3168
8070
1229
1118
7397
3195
5831
3117
560
4508
9293
5198
8570
7540
2504
7437
5073
6330
5355
5095
8738
6451
1991
2784
4090
151
2055
9755
3450
2387
7018
8652
2763
513
5737
8287
7104
3256
6380
704
3362
1388
128
3028
1392
5964
2453
5328
1430
7699
1315
7100
916
4899
7949
4870
174
6111
1186
268
7326
405
2661
8866
4231
4316
5340
4385
2535
2196
9937
5428
5209
8718
9178
3638
2623
7126
6466
3930
5587
8051
997
8447
1035
1638
450
7897
4787
8268
1177
8640
9008
2841
8957
8906
2563
413
4013
1856
8166
7447
4510
4748
975
8172
7182
738
4058
7871
6914
9240
9100
7987
7908
9574
5495
3336
6678
3167
1445
7951
9592
9120
7738
673
9570
5649
1375
3902
537
5225
8203
374
6403
1223
1380
4141
1729
8973
751
9444
7500
8509
6050
7305
2512
3354
899
1069
3025
8425
9771
3981
6174
3802
1688
1140
6963
769
4832
2740
4517
2039
9704
8969
5468
3482
2501
3783
7047
9549
8489
6222
772
3248
8690
6182
7959
4334
7883
6242
1737
1125
5912
4514
2031
4051
7228
7256
9669
6761
7263
9885
9320
2688
557
625
7948
1571
8657
8072
5239
6376
2907
8528
4131
7191
4935
4890
5770
9587
5699
65
5133
6777
95
2850
4664
2518
5222
8392
7315
4827
5143
9247
2924
3095
9656
6834
3582
9554
3702
9323
7830
9626
5533
4191
9591
309
2483
8789
9779
1434
399
1225
4773
6585
5826
5408
7981
1885
5972
1645
5801
3274
1162
5057
5577
5989
6831
9952
9846
1153
4466
3658
4421
8301
9306
9081
7145
9647
60
4701
3084
4739
6218
9454
8050
8439
2259
5248
3867
5616
7152
6636
2970
2926
6646
1846
6188
1765
8596
8289
8024
1482
9956
3643
1560
2904
5968
3836
3924
6000
7084
7836
3033
7842
7630
3443
4057
8278
3680
9605
3637
7552
7110
4383
3570
3865
9530
1494
4966
7323
1951
8713
3162
46
9931
2264
4315
3939
263
5604
9096
2353
2709
1777
1187
252
3687
6440
9853
5514
6076
5870
7532
9821
5224
7224
5918
2134
4238
3922
3778
6520
8655
5046
7001
6165
2830
3338
4601
212
1736
9697
6448
6634
2379
5273
7006
2719
1497
5274
1726
6130
1614
3969
534
2232
7637
3199
3535
7300
9567
980
4004
4487
7384
5756
8742
2258
3652
6058
1253
8442
1982
414
7393
7102
4566
9478
1842
6351
7166
8164
480
4226
6356
1286
6367
6998
1124
8414
3180
4883
3818
3186
7407
2769
3478
1685
7364
2534
6883
5467
8709
9345
3941
3701
4006
7715
8292
395
4892
6407
4373
3413
137
9308
7983
2614
2678
278
8499
6876
8826
8469
6509
2013
9495
4069
666
4825
800
4670
6803
3
5475
1220
6933
2000
8361
2499
390
6771
1791
9807
4937
8125
3301
6070
3487
1436
9471
8246
7482
1548
2114
5119
9645
9689
5884
2080
2063
88
4232
767
3604
6045
8703
6081
2621
6692
6457
8926
35
3001
9667
3816
2123
4223
299
754
6206
889
9270
4248
3669
7103
454
1042
3956
8098
7467
7257
1095
6015
1230
1594
2538
4811
1653
9122
8249
2393
7287
4159
2124
3360
4346
9053
3971
9597
2210
1152
6532
492
5306
6624
310
9231
5204
8678
9815
8156
1357
5565
9291
7796
6749
4965
5386
9623
3576
1577
9348
5997
1470
6190
5763
8651
1369
4501
3449
3539
972
156
2458
8950
2302
428
4101
5435
6155
9158
4733
6951
1662
7769
244
6148
3995
1969
7935
5822
3653
6787
2764
3059
5056
5975
8617
2920
9186
49
4412
8594
8077
50
1487
8798
4149
5642
2036
7419
5127
6360
9361
6003
2077
5906
1917
5609
3175
1831
7805
5574
3492
70
1882
6484
535
4329
2097
1887
1236
8162
5124
1761
5220
5017
315
9903
3910
1257
7484
2713
9494
6086
1847
2981
5163
1321
9065
1326
8876
3759
9041
6617
4901
2342
1525
5512
9060
9150
8860
3792
7055
507
2300
6329
5269
1274
7716
2662
1352
5203
844
9304
6085
8122
5602
2931
2108
7879
3270
8061
4376
486
7722
7707
3206
7469
1880
5709
4442
7267
4713
2912
2434
4024
4444
4518
4343
896
3073
3474
181
370
8367
4028
6274
4759
7435
8099
9713
5778
6210
3841
843
3866
3716
5824
2561
2352
6159
409
3390
9474
1975
6166
6823
2435
491
2149
231
9141
7854
9022
7530
4925
9751
5357
3630
8215
330
1870
8841
7028
9789
808
4156
2947
1770
7599
6436
9283
6395
1850
7433
1484
809
3824
6559
6798
7544
2350
1462
3502
8374
9188
4110
3760
5261
1682
4187
6759
2517
1708
347
4539
1557
3987
5307
8558
7391
7099
5150
4822
5814
9666
9796
7577
6237
775
7504
9722
927
1553
2543
1862
9480
7927
9431
8210
4687
9795
3970
2296
3976
7929
7321
9812
5050
2685
8669
4436
4795
6663
7971
952
4835
4581
932
5454
8001
3369
5937
1102
736
1516
354
1884
5787
840
5603
712
196
1299
6733
3161
411
5448
8731
3934
5190
4171
9732
6763
1968
5417
5672
342
9768
3282
8836
3915
2406
9748
4012
2854
4946
2550
7589
6860
4794
4553
3484
7964
3156
1956
6322
4076
6272
1992
7341
8970
3960
6122
4033
6714
849
9757
1926
300
9164
1098
8683
633
6927
9352
8776
729
6282
3298
3087
2603
7277
8058
7048
6637
3490
8607
6365
8578
6014
4968
7221
2132
9763
1959
2664
5368
8870
5622
1313
2616
8561
5746
4596
2988
8417
6095
4649
8279
5230
9133
4974
1817
6172
9228
5569
2093
5270
7498
7643
2217
9189
960
7895
9481
7850
2751
2610
2708
8470
7294
3214
4468
5192
6848
4604
9589
732
4070
5004
8474
9147
2590
9044
9923
2892
1043
5579
5135
1255
3538
9117
7784
6420
8538
4634
1128
7071
761
5129
522
1886
6659
1989
1897
3624
3977
6447
9884
8386
2314
2782
1603
6104
3663
6505
1987
8356
2371
7082
581
5548
869
4751
8627
8953
8715
9983
8380
9519
2392
2413
4382
4781
1658
6813
1624
6872
6775
4360
8671
1942
9230
7096
4772
9516
9205
9810
4132
4409
6734
864
8887
1853
192
8389
577
9215
6741
1535
6727
64
6379
5298
8563
5862
7150
78
3966
4378
373
2785
8921
3086
9389
1203
3933
6113
4921
2680
9157
8696
4708
1517
8435
3565
8416
959
2642
158
4547
7376
4891
8933
9628
68
4048
2865
433
3762
3102
8556
8959
680
5730
9826
6298
7375
2921
2204
5898
7486
7680
8904
4417
4577
1868
6784
3208
9079
8638
6238
9613
1207
7896
1132
4490
7259
663
4166
8805
5364
3822
2558
8699
7688
7291
4654
2298
5952
1408
1050
620
5796
9670
208
8041
678
3128
544
3772
2817
5015
2181
5182
2559
2733
4777
8132
5033
8576
6968
4980
7885
5492
1748
8777
5590
4275
3281
8653
7186
9068
4281
8890
4839
9946
7521
8810
8965
7455
3203
5440
1861
755
3500
5363
6105
8585
6870
6748
6481
8433
4519
9450
4992
6256
3557
7438
9128
2780
3018
7718
2104
782
9717
2629
8032
8437
5745
5487
8478
6439
335
6177
2754
5924
5297
7458
2422
9097
8629
3154
4095
5639
4928
4456
6783
5808
7273
5973
475
8275
5075
4758
9466
6690
5243
4560
2206
6503
7886
5022
4258
4826
4176
9909
3879
708
2608
8835
6642
5207
6393
118
4073
5623
8304
9639
593
9687
7160
5341
4533
1037
1620
3412
503
7141
9328
225
3567
5958
2541
9322
7075
8408
9036
253
9115
3873
5167
697
3735
7646
9665
163
83
7575
3266
2945
5675
6423
9302
5633
665
1973
3160
3394
1461
1180
8334
9927
7917
7205
7122
6924
7225
8780
8623
2420
1351
2837
4667
4213
9406
5304
7448
1377
6131
8089
2938
3585
9239
1636
5927
2583
7289
5795
8151
4909
441
1051
5686
2030
1940
1373
8873
6625
7603
7247
946
8915
8930
9443
6065
8321
2230
2824
8479
9380
478
6438
9014
8719
2182
7582
2067
2176
4976
604
3849
7581
3005
7777
5530
497
6450
6670
8550
7955
1966
9752
1819
4595
2464
6650
1539
7727
3182
726
6215
2492
4498
7780
4854
7297
6418
1947
5447
9545
6577
9455
287
1836
1103
4326
1150
5278
999
6117
5373
7183
5431
5679
4215
8143
532
4676
6212
8613
1157
6941
632
2982
7011
5748
7411
7385
8767
8692
7295
9869
6342
7280
7663
9657
4129
4625
2618
6768
837
4150
6554
3129
2109
333
362
4771
8426
8118
1822
6891
1878
694
3895
7814
8901
2183
976
1208
1054
8394
5451
6068
1268
7608
8218
2694
2400
526
9562
2527
3014
3508
4268
6796
8028
1283
7425
4173
3304
4607
1875
3157
9137
4470
1795
5710
4341
2436
2755
1757
7348
117
5430
9378
564
9267
6728
1760
2433
3164
6069
8545
2748
9048
8792
4523
4399
2776
4354
9917
7473
1970
2954
9842
4564
5536
8501
4666
6315
8863
1815
543
185
3385
4119
911
5066
9676
1330
9911
5343
1848
3665
6593
528
2228
954
9004
6607
7553
4544
5161
8398
4738
4612
6845
6129
3513
1252
4494
6629
6719
860
4035
9110
3717
6588
9733
3045
4690
4080
9433
7044
920
3852
2556
575
7132
9419
6791
8271
7213
3566
8045
937
6137
5268
5145
4328
8109
9049
6722
8331
3225
3392
4947
6746
1605
3406
7009
2163
2641
5834
1684
2955
5919
284
2772
4931
562
8706
2739
1420
1429
9839
9865
1890
5802
3030
6548
4583
5658
9698
8705
4254
9091
5352
350
2578
7729
4398
9539
4298
4661
7947
1596
7468
3004
189
8205
4939
8481
2396
8111
4981
4257
9256
209
582
126
5233
6311
6404
9644
340
563
8391
690
4549
3264
161
7312
1900
2962
8515
4430
4590
5402
8697
1024
2584
3315
5480
4962
6336
338
2440
5149
3894
7961
366
2442
2054
6310
9618
267
6742
7936
7826
1607
401
3056
2896
6223
6651
6226
1816
4094
7702
6930
3506
4776
6575
1898
838
5994
7023
8941
2365
914
925
3808
1086
7322
1413
823
1073
8036
4623
8674
94
1758
2809
3144
5843
498
2268
7726
2018
9794
4548
9384
5295
4122
7137
1579
2345
6496
9143
8781
7336
8235
6885
82
6985
2170
4300
7541
6647
6923
4908
327
8480
283
2846
9721
393
8053
5013
7557
8117
1479
5889
3696
6819
5523
701
5404
8373
6277
9003
3774
8355
5779
7505
3097
1471
8999
8364
1215
9196
3046
9586
3110
6474
928
1804
675
3521
6151
3555
4768
1111
2732
9581
8142
8158
3080
9439
6706
8611
2747
8716
1448
5804
259
3055
713
1918
9309
5208
1062
5151
2660
2356
6243
1983
2741
2529
9072
1631
2973
440
5165
5415
5181
1249
7742
33
6504
9855
2351
1244
3534
6016
3515
5754
6454
8821
197
601
8997
130
531
1456
307
762
9468
9200
5237
7173
2174
1510
2710
7485
2992
7764
3395
8103
3032
1147
1469
5052
5680
3297
4296
786
5497
2143
9486
7258
2582
3541
4052
6011
6196
3140
5060
6348
3610
1374
4929
652
9221
6550
6583
7165
4408
2272
25
7418
1016
4764
4239
6461
4673
6028
8114
3999
9808
5559
1500
3864
6587
5213
4719
5988
9615
7666
9604
5502
2275
565
6290
3719
8231
7108
1612
4746
1588
3352
9075
4008
822
7642
1269
423
9875
3459
6337
8702
1690
8935
6109
5188
4446
909
6572
8014
119
668
3363
6036
7094
8487
2619
6842
6822
9938
2070
5441
4015
9827
8316
5783
5171
7130
4003
4603
7634
7091
1941
1234
1205
9185
1275
9578
5844
4068
4218
4525
9509
4358
4628
2188
2585
3012
2385
6612
376
1425
8542
9392
2343
1038
8350
4348
1672
1258
5054
8405
4617
2401
6839
1793
757
1465
6684
949
2801
9349
9421
7527
6537
8539
1349
9484
6879
2586
3632
9504
5652
6271
3372
6302
2117
7215
2148
5810
7628
2960
5286
7697
2198
4978
4273
6753
5003
7751
1496
2466
7052
9726
7329
8949
6810
369
1763
2021
7748
3417
2890
4983
5372
168
1296
8812
9662
6685
122
3975
4042
4874
5176
3068
5813
1467
7513
2600
7832
4958
2050
1756
3695
4565
9367
9606
4262
3029
7318
4066
2161
4546
7074
2346
8247
7076
1322
7070
863
2568
1417
1643
271
2374
7649
6062
121
5457
3740
2983
3629
9451
4174
4340
720
5941
9457
7679
9548
3380
5847
7695
6074
7431
3990
5615
9872
99
5193
4563
7360
4206
9675
7031
8788
8616
1468
7651
6898
2335
2793
8262
7114
3118
9505
5132
3943
7463
6229
5335
5034
6658
5189
8282
3079
8960
659
249
6127
4942
8967
8126
3616
2828
5094
1347
2778
1064
8816
6029
744
4616
2089
4906
1423
8785
9059
8062
1680
5142
6375
1304
3319
8163
142
4780
5534
1580
6092
7441
448
7788
9299
7400
5012
9780
1911
8410
4178
9953
7508
8017
1901
8958
7355
5330
8793
3364
4741
5607
3656
5954
7622
7378
5874
3546
9929
3447
5019
9370
2889
4146
627
4352
6247
7905
8670
1232
606
1094
6152
9904
281
1859
7176
7578
8342
8406
7891
9936
9832
5959
8206
2959
7731
9684
5743
8526
1515
7512
4723
4552
615
5000
853
364
3854
6950
7229
23
6462
8026
9448
3896
5936
8698
709
7988
3517
3892
7101
2029
4088
1894
4504
6975
3825
1030
5048
7952
81
172
2546
4573
5008
4134
6789
9863
135
4278
554
1705
4816
8756
4087
4483
482
8809
1169
1944
2027
2989
7442
7093
4045
2287
5877
6529
9518
9488
9765
1713
3920
2872
646
2495
2698
3711
467
8245
8971
7356
2290
5196
8038
3993
9759
5970
4620
3495
5469
8063
4740
1009
3063
957
8387
9387
6108
883
3427
7024
4904
5921
6881
4482
7943
242
5043
7123
2668
3107
8745
7416
4474
3151
191
7890
2848
7151
4447
6797
8945
2771
378
3436
8735
175
3054
4971
9602
2598
4307
9463
677
5016
3620
7483
5846
2179
9967
3890
6974
9905
7392
4366
2998
4602
2408
9325
2910
8931
6408
1240
3114
1141
7744
9305
5115
7586
4107
4256
6644
7113
8228
1328
9942
5202
4587
6598
2485
9736
157
355
9561
6234
4473
815
8465
7976
6868
9569
3850
2157
8587
3870
8333
5594
4086
7870
903
6486
8884
9129
6817
92
4659
2649
1460
6866
9866
2333
5452
1452
3323
7632
9603
8359
9651
7346
5805
3770
3109
9753
9964
2834
2197
9536
6807
5857
1511
9280
7149
6984
7863
9949
9233
8534
524
6487
8399
5405
7334
3746
5803
7792
7395
1957
6355
1929
100
3410
9981
4471
5990
5210
4894
4190
8261
3379
6416
541
7691
8363
7710
9040
6294
3091
8297
5458
9437
1179
706
2265
8922
4479
6805
1508
9500
2966
689
7770
8445
5205
6317
3957
3179
2158
9766
7480
5947
61
7606
2261
5617
9317
8084
435
1278
8423
9798
7547
9802
3790
8633
5472
1598
7083
123
3921
9930
619
1400
7894
8219
6610
4359
5023
945
9275
1695
4350
5816
4915
6154
6359
5556
392
17
935
1070
5674
235
1714
956
2587
379
9126
9080
8116
3784
262
2996
3253
182
9617
5676
5485
6374
982
3178
7810
9710
5092
9272
5597
6232
8020
839
7689
6959
892
3908
2398
5930
6804
9673
1958
2147
1381
8806
6967
3592
1949
4019
8846
5526
2971
9538
2214
4301
6433
4342
1922
1563
7875
8444
2388
8589
8092
8269
7245
124
4568
5586
6939
3460
9001
3456
3121
5670
1644
9400
5547
2765
9641
9334
8095
7986
4535
6144
2726
3628
2142
1402
9035
443
2644
1170
7723
6645
3183
3324
7353
4660
1065
1871
8187
4059
7387
3752
1843
5891
2974
3061
7661
2820
7368
2886
6268
7626
3646
6475
9969
6456
6859
1344
1477
5840
3710
2026
1088
1173
2364
2922
8622
5378
1063
5491
6901
1706
489
5390
2162
1213
488
3549
8451
7539
5525
9249
2255
2509
8907
1806
3252
6133
8222
640
7740
2851
4511
236
1728
274
9012
1623
2791
2652
6671
4860
1912
8693
8677
427
5334
1827
1190
1673
9397
73
636
7383
3634
6820
618
5643
9007
739
9288
6738
521
3461
2965
8599
2812
2065
7737
4805
9176
6202
2525
882
6965
5276
6063
6227
6506
9210
1136
9142
1902
8839
2022
5537
5302
13
4967
6233
418
6674
8124
3749
9094
631
1156
9146
5206
8284
4678
7845
5752
7778
9634
1629
8329
977
396
8343
4322
1472
9201
6886
1122
7465
8708
6937
3511
7636
8774
1391
9374
4125
8618
2667
313
2493
3589
304
5892
4882
3065
8831
4375
305
3946
4336
4578
9820
5310
6048
1018
8994
8729
5212
4957
8691
4541
7921
703
7627
8992
3268
686
2682
7595
6906
6955
7861
4653
139
9711
7733
5045
7849
662
9277
2449
7345
1424
7406
9498
1133
8357
7992
332
5028
5346
895
4613
2414
8382
223
2718
3731
3525
7175
8728
1175
8056
1986
4704
8518
8430
1855
692
406
7785
9139
4418
6040
9576
473
3587
6204
3644
6976
5333
3224
1790
3321
1219
6419
8366
6916
337
1148
5336
2999
3947
7937
7536
8083
5823
1699
2329
868
7684
2864
2503
5159
7239
2165
1485
63
494
6390
3917
7568
6565
2222
8119
9856
6259
8436
5908
1738
4151
7161
9543
3181
6903
7039
8413
1547
651
8055
4034
7782
1616
7753
6495
2059
9709
8920
2735
3330
8506
9625
1314
463
3418
465
9459
6444
8018
4195
4996
2877
8496
8419
5126
9473
6031
7615
6513
2373
8046
6795
4956
1724
8139
1889
4873
7382
8354
456
7852
8643
7795
1121
7829
3991
3775
8079
8161
422
7451
4646
7167
866
3786
5079
6334
2951
9989
6936
9026
2602
4250
7910
2237
4492
6707
6660
8371
8825
2015
6776
6724
1493
8353
6826
7616
5567
6949
6498
2429
5036
2457
8684
1340
5081
77
6757
5361
1367
4916
6942
9290
667
4297
248
4160
4902
8843
3165
2961
1633
9136
26
8598
7474
8320
830
5733
2768
3664
1405
5055
3739
4379
4017
8559
3732
5146
1865
8415
2037
695
9005
865
7178
7408
6969
229
8042
8952
3832
1428
1264
5742
4105
3501
9248
6332
943
4500
2081
7966
6090
529
2524
2271
312
6219
4538
4413
3221
1697
5582
3075
5072
4663
3015
9316
9805
926
8625
3158
8450
3416
56
7867
3451
7973
4212
8552
506
9447
2803
1908
9246
9252
8927
8087
4680
5258
6412
6066
5091
1814
2297
8899
3409
8299
2654
6743
5156
3146
8908
6653
2795
3340
1907
6921
380
1410
6037
9883
3779
4424
6112
8461
7129
9871
9782
6267
3545
1974
1833
5370
9919
1211
2190
3243
6124
1490
4128
9282
9672
4911
8948
7704
6544
7115
4521
8107
961
7193
979
4582
4910
2324
2399
8801
9168
3130
7705
1541
5178
228
4189
8988
9887
136
7974
3331
3212
749
408
8913
8372
4963
320
5385
5459
1385
5117
8202
1530
2315
9891
9995
2781
1480
152
3477
85
6956
9664
6788
1952
3996
5259
5414
2571
8131
1172
2369
6858
8765
1297
2802
4306
6445
9977
3518
5934
6573
7043
6993
9000
3283
5920
9067
3329
7899
4973
1438
5503
9148
3821
8636
3006
4133
3827
4610
4325
8323
5967
7609
5062
6443
8152
5449
4303
2462
3650
3989
2770
5913
9965
4887
3979
6430
1852
730
7301
8277
9112
7426
2745
7535
4252
9925
7946
8044
3388
5726
6483
9403
2935
4056
8146
6703
8482
4208
1601
2047
1077
5868
220
5732
9529
3142
8664
2656
796
2138
9682
2792
8189
1404
7873
2042
9102
3597
9502
3184
6071
6178
3754
5650
7625
7763
9566
6856
9310
2915
476
53
4833
1129
9701
3804
4460
9438
365
1681
8177
3551
451
9593
9050
6564
1131
4639
9118
2178
5855
74
1692
4647
3953
4349
5249
5419
8521
8749
723
8145
6428
2909
3982
1604
9506
799
8348
8639
8006
103
9590
4370
6303
8619
9596
9700
9762
464
9105
2227
2079
5553
6614
7089
3553
7265
3958
4140
8898
6346
845
5240
8919
224
5760
987
3377
3868
9265
8003
5928
766
4357
825
3905
400
3076
164
4344
9435
1635
2653
7720
5543
4403
5074
6021
1766
8223
6925
3685
5865
7050
6605
5629
2533
2129
9690
3522
9769
3371
71
3998
3138
1999
3285
948
3233
5955
7934
8909
4014
7354
8981
7515
985
4374
9544
3468
4932
3683
20
344
9507
331
1382
9311
4574
5138
7363
2862
2869
967
5903
3311
1721
4718
2166
4147
918
6533
8448
8507
7542
9702
613
3598
4420
7041
2902
5538
9653
7639
2753
2956
3479
6702
7510
4712
5800
7561
4727
3048
8905
8227
7189
9510
1254
6394
19
86
4652
1536
2263
6595
1307
3021
3853
9368
7200
4528
1475
8167
1722
1860
669
1350
4696
6983
2043
5169
4516
1590
6686
3881
2686
8424
6723
8530
6039
4497
9172
4618
1489
6228
2666
4809
8822
3042
2510
4867
1368
4097
6611
2604
5837
1555
7136
7117
4903
9286
8832
1323
8068
1130
3548
9453
9084
5625
7434
6431
3218
269
9680
3082
9659
7821
4287
6388
32
1625
8240
7772
8727
8730
9803
2840
286
2860
372
1127
1904
6732
5160
8171
4046
2752
7217
2010
5566
5446
3306
672
7911
2893
9258
7673
295
1053
167
607
6603
1387
2336
8446
7611
2303
6087
1354
508
4104
5277
8464
4454
3751
9828
5186
4461
9121
1174
5217
9638
4641
3861
9465
6523
539
6557
6061
3745
7112
4083
3262
8313
3554
9342
5907
6425
6097
4756
8298
9235
6413
2005
8141
5226
6221
89
5424
2405
4792
5416
120
7319
970
7073
8351
3446
8294
254
5673
525
2075
7596
2704
4089
3302
4650
3278
4970
8180
3703
9013
8473
381
6838
9318
9355
2744
8127
6417
5479
6760
9939
403
7374
4702
7804
2471
1746
6821
2474
8463
5422
1892
8411
9461
4817
7591
1199
8178
9031
9632
9790
6240
5442
875
600
7034
4783
1686
4550
6806
134
4025
2242
4672
5409
6318
37
2800
8667
8656
3188
9770
6999
1289
5382
4165
530
9303
4784
3316
9056
9358
1634
7461
4162
5466
3714
6514
3200
4193
4431
9160
1442
4924
3636
357
452
8813
1718
6830
298
7641
788
5790
7219
5550
9568
1874
2144
9204
2046
2028
7645
5662
2019
1110
3314
8238
4404
5904
9908
5299
1832
3411
2911
7014
6490
2855
3337
6696
2245
1282
1628
7711
6064
624
2455
1923
2514
5931
6400
986
7058
2045
6314
6372
2330
2790
4465
9015
8441
6468
1116
7003
7931
8378
8662
4194
7057
1359
4135
1270
3649
8059
7517
1807
5714
1953
7184
7678
4979
4139
9319
398
2502
4443
5425
2221
2120
5653
7675
2064
6008
6013
9584
4842
8726
8685
4295
8345
8658
3116
9960
9220
9130
4440
1123
919
9582
3661
7776
2836
705
1799
7121
5811
321
1212
2677
9622
6586
4233
5782
9445
1564
3662
4570
1529
190
3011
466
7412
5588
4040
9985
8869
1355
9556
1667
3654
455
1067
6369
4677
8834
9897
1801
9933
3064
2382
5765
9916
7923
8893
6301
6837
5069
8602
2716
8779
4075
9472
4437
29
9332
3642
9011
3626
6716
2126
288
5191
1106
8362
7598
6020
2506
4280
2363
2500
3026
6024
311
4361
9077
1194
5376
2839
5589
3769
1828
8395
8344
3623
1532
9098
2807
2551
1578
1518
5175
5845
1800
5398
8757
9298
6662
2591
7445
846
1531
4310
4175
8104
4838
5401
605
8402
6664
559
8281
7250
7915
9620
3488
862
3898
1422
5437
3251
1319
4714
9934
9301
429
9321
2844
1287
8614
9329
942
436
4276
5384
4041
1586
5083
2295
4765
661
2789
5037
6864
5293
6057
639
2475
3689
3997
5965
3177
9833
6350
1824
3423
10000
7292
8641
52
1026
1099
1356
966
3027
8910
890
748
155
1273
1362
4282
2927
9688
2121
4170
4779
6099
3343
3036
2724
7755
18
104
9636
9069
1047
2631
2887
7299
8322
2367
4831
6338
547
4388
8540
4177
8630
8460
6920
234
9970
6118
9988
7585
8007
6801
1725
4172
430
4896
4754
9829
3210
6446
3440
4072
2975
8942
8928
1632
3983
9607
5564
7760
502
8673
4593
8021
2100
9271
5701
2715
3326
7706
6371
7924
6966
6022
8155
8113
1041
7208
7216
7888
4407
4495
3483
2706
2251
4168
270
7316
5621
3838
4656
5221
2344
7816
9792
6255
4485
3194
1899
3327
6264
1872
6562
7179
1003
4591
5332
9635
5020
3796
5116
7709
5722
655
3742
9440
59
6615
1845
5041
501
4111
7864
7170
7640
2984
43
8000
3672
5366
3705
4002
4707
783
9018
6547
4814
6410
1566
9791
765
5914
8803
8397
3872
4439
4513
1742
8628
2870
3952
8097
6631
7402
5164
8886
7417
3098
9485
590
2581
8853
8701
9616
2555
8968
1335
962
4834
2212
8510
5660
4
1198
2463
4016
4200
1570
1266
8466
375
8700
4279
7059
8711
9038
7884
2933
7350
8285
5456
4356
211
9910
1679
1193
7817
1227
9550
8091
8324
7806
4856
7993
4853
3809
1802
855
2913
7809
5400
3951
7757
4464
725
9475
275
5668
186
1812
1700
2560
7046
7602
4862
6970
1100
3782
8867
5162
9830
6121
6296
6401
8383
9237
9571
5983
6389
1168
3627
2150
4245
4265
6072
3671
8388
1504
8255
1214
4229
6252
8721
8872
9523
3686
7587
9383
3290
9585
1572
520
2573
1474
4721
569
2813
7026
5608
1293
7520
3733
7163
1573
8688
1879
5281
3169
9193
1007
5627
205
3280
8548
3441
1867
3676
7079
3155
9423
8936
5689
5848
8002
2674
4142
6828
8080
7214
2816
5986
1913
4886
6164
3471
3871
4829
4755
9496
8882
1126
1245
5173
1924
1587
5354
490
5950
9179
9182
1825
2224
6060
3857
7665
683
7459
2750
7424
8212
7659
7548
7201
7269
6934
7015
5420
9103
2804
2883
7067
4062
974
8597
5450
8293
3489
7846
3606
8233
3152
7667
3831
5113
5809
2985
6855
8837
3421
5148
5168
2131
9966
4392
4953
7210
2773
2805
2669
9921
2135
2456
9858
8311
2774
8
6584
8031
1544
831
5010
8710
8420
7320
4799
7135
5721
9658
9152
7162
8144
1977
6209
4426
6988
7647
793
210
4869
4954
36
1200
9491
7288
608
9263
1138
292
4944
3730
39
9401
9725
9918
721
2599
9244
3013
934
3846
4955
8147
6908
6911
3242
571
6794
6312
4736
5320
2146
2323
8880
4631
1654
2058
51
3657
6239
1602
348
6697
6184
5780
6524
8019
9735
8033
7989
7758
1457
8193
6902
5455
8140
5740
6134
2239
7308
9405
2696
2448
3291
7916
194
7061
4020
6187
6128
2645
5498
7802
9296
2624
3725
6441
6809
449
7618
1427
1414
1789
7902
9841
7131
4423
1527
6672
5531
3067
1308
1143
3744
8191
9490
5426
4961
7062
3147
3799
421
3305
9912
7027
6193
7766
5509
3143
4380
4545
8787
3499
58
1079
965
3877
1441
8112
4715
1309
676
4933
9731
8034
4221
6832
5704
3448
3356
2309
2932
8773
8060
6246
7060
5962
7768
2017
9824
9922
7266
1056
9533
2187
1873
7404
5380
1284
341
6875
5391
852
8108
5234
6946
8606
7631
2702
6472
9961
9223
9375
691
5232
1660
9413
9411
3293
5946
8217
7022
6500
3520
3590
2613
2627
7676
3516
3185
1426
6737
5654
6214
623
6175
3918
7767
9932
9642
7889
9980
4506
603
6730
2049
660
1558
6491
5397
5139
5218
4681
2444
2615
8947
3684
1437
2244
1384
9446
2366
1311
698
5698
941
1610
5068
3909
6623
6077
3246
9729
6905
4658
6199
1502
9336
1303
1458
8076
7619
4318
2942
2331
794
8525
5705
6681
5064
7620
3984
3874
2866
9594
2357
2319
5644
407
2814
5018
6032
7278
360
7692
8066
9893
8663
3764
681
7040
5664
1370
9127
4895
8204
8023
3420
4662
8555
1546
7998
5489
1338
3750
8717
5916
9849
4255
7918
9410
2690
4251
9611
5252
759
5832
4580
7477
1237
9354
9629
6604
5665
4469
5513
5591
4364
5338
4679
9947
9264
833
9418
6449
16
790
2566
6098
4585
9229
4897
5061
6655
780
6815
8978
549
4161
9801
9307
5560
7335
5549
6156
9957
4043
8230
5599
1093
5829
6493
2085
4872
9061
3353
6899
6774
5011
7828
3070
609
8102
9225
9090
7139
7652
5383
714
3929
4885
4216
2564
3532
7066
5715
3736
3470
4743
3480
1201
4353
4505
9630
6736
2775
1331
3537
5612
8069
5389
265
6470
294
6283
7957
141
7234
1734
6725
9716
9760
3765
8573
8796
2361
1288
4449
1396
1224
3376
4410
2786
2418
5211
3382
5296
9002
7146
4204
5360
6997
3964
5098
2004
2390
3536
6293
6600
8977
1524
154
1137
573
4762
5991
9343
3473
9404
6041
3667
8553
5620
8403
1915
2767
5014
8743
7746
5065
9111
641
1786
2266
2520
5316
4312
9806
3464
791
7808
6553
6146
8911
1659
1641
9034
1805
8263
8824
5300
8704
6230
4402
9219
8449
5265
200
3886
3826
4112
5025
2819
7569
8248
6406
30
3017
1561
8808
336
2291
2008
5853
4415
3505
8330
2391
9092
4729
3088
6107
6141
5082
5720
3089
4815
3111
1164
728
8772
6083
6392
3593
9627
4338
5830
2368
1611
2402
5596
9907
9171
258
4031
2990
8593
3072
2612
3434
7373
8253
9577
7857
8379
5184
9646
7827
1454
610
878
1061
4026
523
8170
6897
3135
5703
6059
7537
4879
8472
2919
1711
4209
6561
6704
4098
6606
9915
9315
2454
3529
3835
1920
9154
3927
1165
2916
3674
1160
6667
351
9600
3645
2467
5105
9169
8208
3044
6508
4629
3348
872
4893
9889
4448
6940
8565
9723
1649
7260
6818
9076
2900
7020
9595
9547
9426
8707
1058
4572
2328
4797
2958
9573
419
4091
1327
2090
4520
9601
4848
6918
1498
484
5825
8760
6961
3016
3507
8865
2806
3230
1241
5684
6499
5303
5940
2412
3429
3523
4880
1104
3814
1937
6026
5982
3962
9166
6295
1576
756
5322
6613
3601
4000
7120
2549
3113
5516
1034
1386
4243
4717
7526
8015
6482
9234
8562
5251
8283
3670
5172
629
6895
9996
7617
760
6189
3497
8984
2304
6710
858
1809
8427
3428
9236
6869
592
3514
2394
9339
7610
2311
6618
1932
4801
1403
9612
9207
1481
149
3239
9388
7672
9429
3276
4164
9054
1771
9132
5504
4635
3503
787
1440
4606
328
388
5482
764
7761
3038
5618
4363
7724
5563
8319
4914
5474
649
2554
3885
1022
3605
6291
2953
8216
6699
97
8503
9524
7572
2105
9804
5842
106
3709
5290
9520
5890
9818
4804
3564
4810
1006
2110
2056
3205
2977
8136
9262
1677
4144
8022
2087
6093
159
8954
5882
717
9764
4023
4793
1055
7700
3287
4503
7478
5515
4333
1433
6012
9508
9131
3923
8732
2491
9420
4450
2035
7848
7932
7658
2289
8524
3222
4982
6244
9982
3431
8900
4692
6545
7231
3384
5871
7954
7235
4081
6043
4747
1151
7851
1906
7276
3830
879
5477
2852
6847
4136
8752
6960
4169
145
9920
4998
6862
1439
7545
9458
8013
995
5323
6954
6004
5131
7119
8384
5242
777
2675
1210
7180
7466
6055
6878
2683
9906
6846
2195
6405
4049
8094
2758
6913
7677
4986
6576
8680
7655
7546
7975
5529
6568
1202
3238
3713
2101
8762
1031
6957
7085
8574
2316
8536
1371
9781
7531
2164
2277
8349
4818
4228
4861
5042
8312
2193
3241
2376
6382
9276
3442
3837
8173
9882
6191
7398
7019
4907
4993
4184
5528
5266
9058
1540
7719
4837
1300
4651
3249
9213
4044
5421
7209
3066
5917
6056
3583
6912
447
6633
9649
4526
5067
5593
4767
3715
1120
5640
9381
2626
6857
3137
9997
5700
7147
144
5085
9089
9767
6398
227
2014
4761
2359
3010
5739
7590
6054
4067
2944
4969
127
4153
6464
3339
4898
4977
8532
8851
2151
9351
8422
5961
3399
2137
7592
3373
7567
5836
363
9017
5883
1019
9427
2882
2023
8486
3781
9099
8500
5776
5929
8468
4745
1012
4118
5257
206
7551
4828
9167
4858
1149
6824
1648
2410
2246
3561
7157
7012
4930
5557
5120
988
6225
3655
5793
8807
9114
5107
8030
8940
2169
9541
8560
1698
290
3430
3682
6143
101
9788
804
1398
533
7940
5284
2565
1914
1032
5573
3432
9850
797
9951
9870
306
8590
6299
2655
3119
499
4419
4624
5707
1010
8733
901
6327
9273
3335
7293
2216
2419
8252
8595
4700
8903
2205
1290
4798
3949
682
8047
6201
6602
4987
3780
9984
6073
171
2269
734
4458
437
7410
7600
5624
2695
10
870
5453
2202
1839
8242
4637
6773
6551
7388
5076
3935
4455
7965
6250
9867
4668
7694
6352
8724
2293
8842
8256
8925
2794
4753
6489
1656
905
9108
31
1216
7241
6758
4995
2347
5264
2991
580
3308
5114
9386
2665
9360
8879
2894
5374
3820
8605
6316
4272
6114
803
80
8314
4537
6735
458
5718
4744
5595
1044
9705
2282
5971
1221
291
5729
8492
5246
272
4917
3003
6078
9095
5692
4093
6161
4952
1946
7635
9565
5647
1589
358
2409
9514
5789
9998
3594
2273
5280
9070
3863
8484
5554
4543
4137
6907
8008
802
2127
637
4201
1657
3444
1826
643
1528
1796
3817
8303
8885
6396
4459
5758
1820
6938
5601
2868
6176
5613
4940
9010
6527
5090
9990
5706
8199
2761
6649
5260
8546
2236
4868
3294
7506
3207
2438
9086
779
2074
626
7880
8734
6556
4788
4509
2646
4050
4948
4522
9052
8695
4786
7853
1808
3755
8800
3344
9190
8741
3550
6620
5462
3504
8148
9327
3123
3051
7844
4181
1112
6497
6341
2617
1393
5835
752
1364
6767
459
3358
891
4432
5245
3691
6844
2310
5517
2952
2929
6781
5885
2233
5519
431
2672
3133
857
470
301
3806
4185
4027
4752
6160
3060
6701
8648
9926
3228
3828
4592
634
8483
5632
7095
594
3581
7941
2648
9878
1650
2312
4365
7414
4188
2322
6668
7203
4476
8637
4108
1984
219
9785
5080
6711
477
8004
7352
3560
4512
3374
9902
5086
7734
9999
4214
4011
5806
7303
4411
6476
930
5170
1948
7332
2267
5157
216
6149
6571
7564
7972
5667
6381
5362
9153
1204
7958
3558
3172
1015
3631
3793
3618
4669
1963
3727
9652
5494
2722
4078
8725
146
5771
7143
3512
1883
5935
3577
1998
9338
1339
6362
3528
7159
3580
719
1925
5702
768
8300
3100
116
5888
835
2125
9211
4274
6409
5558
9661
7381
9823
6729
3485
6326
2637
9390
1905
7529
1938
9300
462
4913
8027
2116
1876
9940
9218
9162
2012
7555
9430
8377
1785
2307
1753
3043
8306
536
8764
588
4864
8543
1849
4705
6308
1379
2762
487
9899
4384
7756
239
2128
9063
1759
3040
4205
561
1962
2299
4632
8588
6213
4694
4507
4830
9477
1676
9257
3105
8165
6421
7423
924
7270
385
5484
6169
1361
6477
9340
5301
4381
9051
5895
3673
3856
8747
1239
5403
9359
898
7405
6687
6018
4558
178
1332
4314
9552
7005
5878
8369
3173
2891
9694
7488
9312
3679
3972
1627
4270
9269
4849
1499
177
2876
5711
735
7939
4096
9284
8134
4636
7803
2338
9890
3037
1449
8568
6136
2980
5585
5762
7681
8888
6027
7713
3743
8048
4227
1310
6185
9730
7171
7212
27
888
5267
1191
2838
7487
2730
722
5311
9816
7372
3563
2835
5427
3437
2243
4249
1751
4192
7907
7743
4259
2576
8819
7859
7762
7945
7390
9032
4802
4691
1464
1248
3773
5723
1599
5407
4462
8838
2073
4480
7430
6827
7243
2231
5154
4032
7881
8804
3509
3148
3613
7765
8200
4731
2155
3794
6873
3758
8149
326
1769
3888
6626
5774
8533
8241
72
3031
7138
6890
2562
5147
3078
5815
3724
9416
824
273
3608
4622
3878
7286
9503
8527
2421
9156
9745
4155
5432
2705
2508
2218
6589
1712
3453
6516
944
4997
1081
9521
5345
6458
1678
558
3166
28
7187
1333
7984
7865
1144
7604
8393
6705
6241
4230
9330
7492
7004
6973
2701
9424
8591
4099
6825
4720
5347
1910
964
5948
9260
743
8443
6530
3619
1840
96
1306
8224
4321
9175
2972
6904
7887
3472
4950
795
1837
2469
9758
9583
5628
2426
2861
9462
4299
5121
3267
4337
4562
91
1243
7607
3387
789
2863
2384
4732
7837
8567
5153
6453
1778
5738
5289
9432
9365
9197
7584
5645
7347
8582
7197
5255
5308
2783
3286
6263
9740
382
4234
5938
1401
2095
9149
6158
8650
1176
132
9285
1163
3579
2831
8549
2459
1519
7823
7786
3284
8265
4615
5253
8067
7698
9819
4319
6790
2826
955
7357
7914
3584
3747
7025
958
3096
4203
7227
7262
111
7008
874
5158
2447
8188
4158
887
4645
7207
4433
5527
7944
5508
9023
4600
9962
322
9407
7968
1664
8778
3973
7579
6253
2721
7967
2088
6033
1231
3860
2349
2450
6579
1466
7279
7913
785
9467
8634
1
3647
4722
7739
746
2557
9195
6257
1965
6628
346
4038
3236
4010
5905
1779
9159
826
1171
1704
3776
2348
8844
4984
1744
5584
4077
2670
1495
460
3571
8938
5886
2700
9344
8881
2597
7996
4706
2247
8815
3648
2377
6850
9501
6300
2041
9522
9553
184
4389
9775
9281
8624
7670
6304
2153
1764
349
1723
7601
485
4875
7185
8916
6235
6882
7444
3455
8758
3540
3948
4567
7919
4288
5725
8183
1025
5978
504
6094
7236
770
6590
6762
4728
2797
4877
4775
173
4989
4905
5411
5235
9739
8689
8514
8572
8385
4534
6786
5104
1196
5999
8315
7928
3099
6270
6347
1647
9245
6377
4559
545
3791
2494
1217
6168
6534
6953
9663
8169
2519
2729
3171
1318
4401
3602
1105
1046
2906
9598
1754
7656
6769
4674
5900
4683
1178
1651
4332
8751
6275
2477
4246
7528
8160
4486
9412
7016
1752
6007
4130
93
3788
3426
9945
44
5122
9333
6752
1008
5282
8491
2172
622
5626
1562
1955
4007
1432
4305
7281
4630
5038
2460
6269
2407
6385
4266
2606
1334
2949
4920
5032
3122
6621
5960
5568
1184
1591
3405
8990
4489
6386
5769
5493
2592
4919
6427
2734
5957
1353
2567
6747
2257
7714
1218
6378
8849
5279
2427
9123
251
842
3231
1834
2106
3891
9986
9138
5792
4457
4852
3843
9838
8541
5850
7904
1317
6992
2479
143
2589
1407
4757
1642
7307
4313
6089
7134
877
9313
4061
4084
7654
8686
5598
9844
4536
2185
3085
6460
453
3289
9254
8318
994
5312
5174
7462
8123
3313
6125
7612
3823
3457
2628
1089
2482
6525
2766
2383
5945
1492
102
7254
2818
8896
8956
2370
2928
5342
5631
969
8980
2874
3197
8401
5539
6180
442
9699
5379
6224
8429
2033
542
4857
4115
5195
4855
7007
9371
7446
2871
2577
1575
9183
5271
1134
9873
243
1838
1390
2339
6142
3023
397
1406
7199
1418
3855
9959
9029
1702
8722
8854
6288
9350
2465
3718
827
7030
7464
4114
8381
5099
368
5719
7344
4196
527
516
5155
2579
8985
7519
3009
6578
4260
5292
5630
3884
4138
3678
7195
5089
201
6046
8264
1161
5096
1294
3869
2308
6717
3491
9754
8833
3847
5518
5768
1261
6542
3844
1835
9046
2720
2908
3651
9712
5111
1715
5507
517
8791
2189
861
9028
7749
5317
7090
6220
1397
5974
5463
5542
6682
2498
5839
9610
7255
616
2072
8101
4400
6721
5101
9037
264
2133
670
8604
5819
5388
7010
7712
3771
3931
1486
5690
5471
3396
2939
1443
2723
1039
5841
5812
8739
8341
2895
387
9900
8626
1703
7523
1542
6814
2025
2505
2145
5359
9087
1621
4688
8477
2845
8642
9987
8771
2119
9250
1075
7188
3383
4657
7264
9216
3903
3077
9609
5669
923
2441
4699
479
6415
2787
6422
5201
2536
9279
8790
5223
1851
3819
1559
1115
5976
758
6426
921
1568
5027
6126
4472
1285
2113
4889
8239
5856
108
4985
5688
817
7901
1013
3435
5925
6688
3992
7144
9914
4531
5561
2712
9776
7244
394
6467
5578
9991
7128
3258
1811
4242
3596
3851
133
1027
4734
3351
2788
4709
2152
2540
4569
1074
5827
8457
2940
9043
2859
7202
1084
5244
998
1521
3659
3519
3425
8012
9470
5231
4435
8661
3174
1279
3265
913
7370
2313
4355
6691
7296
198
8858
4703
1247
6673
7078
303
699
4555
1891
6987
8495
598
8519
7311
1378
7302
7838
1409
3074
6305
7491
5818
3209
8601
1797
1755
5724
3201
3211
3090
4167
4845
3187
6792
3486
2725
990
1671
2699
5753
963
4120
8547
1691
2411
5387
7331
7878
4841
1139
4922
3967
1096
3706
4391
1345
6480
753
5185
7481
3196
3227
7246
7793
2208
792
6289
5731
2638
6943
556
188
6017
6558
5998
8871
4941
828
5358
2515
4362
6887
7285
9756
4571
9854
3260
6720
6922
3220
8400
1663
9125
4502
8820
3712
9106
1395
1080
798
114
4047
7909
7613
1114
9742
711
5476
7960
8250
5697
5864
1606
3217
110
4542
8467
9198
6546
9743
391
8440
9047
1195
1543
2020
8829
851
3698
8438
893
8855
4642
9948
515
5088
1090
5505
6414
8660
6344
7797
8244
8891
3916
138
8137
4724
4671
4774
2240
2006
9895
9436
7799
4241
1107
356
7730
6038
3937
6980
7379
8966
1188
9797
9963
3936
2111
4055
4881
7140
584
5047
5979
140
9892
8675
324
7559
3407
2358
7065
1085
9773
3101
6286
5728
3008
7701
1183
7991
7843
9274
6782
7409
902
3544
4405
3813
2625
6075
1514
5044
9016
2256
3204
6179
1365
8615
8682
6478
5691
1512
7284
8668
5490
8770
5108
8407
3722
40
7238
724
3907
2057
5413
4064
7841
6944
4959
4597
9393
2633
6195
8681
8090
9761
4766
5219
778
5932
165
3240
6698
34
3132
3904
5541
1733
1005
9476
8769
7979
3787
2905
4324
2572
4217
481
8197
7583
5287
6192
9679
8057
1045
3901
2284
5511
7449
3271
7107
5349
7657
5980
131
4372
5369
8531
9718
7339
4964
9346
548
8434
881
2707
1640
6874
8288
596
7271
1772
9194
6972
1001
3215
602
8075
5663
9045
9901
3559
2575
1097
6102
4074
8254
1693
5049
4586
11
6339
3325
4876
5572
3062
1545
1246
2375
3801
3569
2470
3883
8946
4331
7824
696
8609
2334
8220
5030
5109
1600
4934
7516
2211
1617
806
8476
1798
318
6321
9640
989
9295
9535
1119
8105
8989
9030
6679
2136
2103
8932
5031
496
1595
6432
2829
4438
2821
9497
6320
1666
6754
8325
3635
4695
3640
4335
2215
805
8830
3071
4778
6632
9546
8157
389
6785
5393
8775
1784
1637
4529
1389
9851
1857
2634
8912
2250
4030
8972
933
3785
6236
9898
4844
6248
3322
3603
226
2898
1869
5985
9857
8376
9724
1864
5319
647
1574
9073
6990
5406
4790
5849
115
1988
9955
8270
5331
1583
8243
6648
1551
221
3303
1048
255
512
7454
2130
2472
953
9787
5735
4561
2084
3932
8811
2738
2580
715
4698
371
7283
7858
4782
7524
7912
6836
1312
8754
3578
5922
1526
9861
6049
6708
7268
9353
3940
7365
1302
6281
9683
9033
7696
3022
9886
6357
1768
6893
2397
7338
936
7068
1501
1431
5110
3807
5392
8895
6429
3226
8761
8943
3438
3723
3906
7977
6709
2934
6082
3092
6258
7892
8258
1447
6538
7440
1450
7037
7725
8185
9116
6207
5747
2071
9209
9382
4085
2225
9085
4648
8632
9809
8462
7032
5786
5881
2219
9950
617
2881
1520
7813
9674
7439
5687
848
6349
2060
2337
5087
566
6052
2490
8586
5875
415
8310
7818
5005
297
6399
9512
6535
1997
6731
7401
3141
8225
1921
4369
7978
6328
3815
1619
472
7045
2112
6926
1280
2024
4796
2238
4198
2979
8335
8897
1271
75
7081
9837
6566
8412
4912
6915
9134
9163
7496
1903
4923
1419
6718
105
7038
6306
6986
9057
8687
5712
644
282
5410
2380
1863
1668
9
3811
8138
7106
3880
5926
7181
7420
6205
2288
4284
9774
950
7116
1060
3309
4812
2679
8759
3882
1101
1068
8418
2697
7560
4477
1609
8575
9363
7925
1549
7330
6285
5465
8847
5313
166
6106
4240
6978
6096
4222
4990
1265
2544
514
3094
8581
3404
8286
8236
4271
6799
859
983
5500
3552
3053
3328
3887
9633
6279
4689
5100
6120
3928
66
7554
8986
7831
1821
6639
9499
3193
3163
4387
5949
6150
3810
9540
5581
5854
9402
6211
658
9660
505
4237
203
611
6309
4327
9525
2903
567
6260
257
8404
9456
2532
6569
2180
1155
5125
8071
1259
2306
7868
9181
4927
5375
9396
1505
7825
8603
9737
1206
1145
6552
4302
3366
1343
7866
5144
3414
904
5677
2601
7499
922
7105
3693
3345
1893
4182
5750
8795
7222
6744
5106
9289
1242
8005
5766
9335
2588
8078
510
4211
4197
6619
8522
7900
2430
9786
3439
5981
5713
5128
6051
4163
9206
3149
7779
3761
6630
7980
876
7369
2542
7565
384
880
4157
7
650
538
9715
5053
6147
8672
3307
9944
9226
4063
8737
2199
2203
5486
2943
2177
4179
3914
2736
417
628
3333
5634
9513
4183
6574
8455
5682
3681
583
8583
8421
7985
8150
1108
784
6995
2497
3721
1581
1741
8488
5859
716
4386
7142
7386
8016
6800
6700
6694
6287
4253
6010
179
9124
3136
9707
7035
8370
3621
6665
84
7735
9558
280
6851
915
7906
8065
424
3244
2635
9104
334
6019
2796
5071
6952
2605
7476
9492
7593
5291
9703
3263
9896
1399
2118
9563
9398
2082
5775
1964
6353
9331
540
6471
1716
8877
5305
3708
2362
6772
1613
2270
54
9720
9738
261
9968
9039
6162
2488
3422
8517
7562
1412
3273
821
2468
4819
9202
1083
8917
1444
3247
7759
3400
6982
3124
4589
951
9749
5262
9778
4148
5314
5501
3112
6977
3367
4588
5481
420
316
3496
4037
3462
2252
3389
7815
9691
6324
6770
8513
2260
9006
446
745
2777
2967
2692
8453
5496
654
266
7211
6661
6463
8569
6526
5807
6512
4351
9187
9266
1896
1076
4264
7614
9681
621
7233
8955
7177
3617
4994
718
3145
1689
8498
2799
5353
7668
4769
7253
4496
3346
1538
2569
801
657
3611
1017
6669
8251
2884
5007
3641
1980
6622
1238
9366
6387
3288
2993
6119
3955
2968
1981
6216
3668
6139
3216
7942
4847
2822
7674
7686
3614
6173
3334
425
747
5638
1135
1709
4220
7970
2016
3961
829
8307
3125
4918
5902
6811
1459
7343
7664
8592
4416
7198
3805
4263
2446
6591
871
8875
3789
6171
4396
781
8782
319
7230
6009
1316
5026
8428
3139
912
2223
1329
3954
325
6140
5694
2507
3950
6676
3926
2122
5939
8128
3660
1735
6964
2595
6900
6693
410
2691
193
1091
2643
5351
8845
495
3533
6473
439
5247
3600
3261
5344
1593
2663
9409
8723
5396
2963
9580
7693
9608
4285
5683
8086
8983
8338
7685
1488
6712
5
8998
5035
2681
612
5901
9624
62
3675
7361
3798
8993
8257
6666
5084
7787
3317
5510
3378
3690
4121
4261
3415
9746
5009
8352
6994
5580
4022
8272
1059
404
4001
973
5461
727
345
1337
4824
2671
5102
8326
6608
1256
8551
6035
8902
2481
7489
9935
816
8937
2285
8571
6515
3365
6494
4154
8133
1939
8336
1478
3299
4999
5656
4453
9515
7660
9517
2511
7413
2657
129
5637
1509
5371
7999
359
6740
5006
7069
3900
6871
6989
810
8274
7124
6080
4960
5893
402
2875
2292
314
5749
9958
4575
1383
7518
4859
5867
3035
6643
1990
4427
1881
6434
1626
444
7990
1976
867
1226
2425
7922
7153
6739
2717
8554
8976
991
432
1263
5757
8823
6261
1743
6034
4277
7155
4371
9954
8766
6435
9511
7497
8996
9793
5851
3599
2276
8154
8961
8280
7507
4638
9113
4100
6765
4846
6391
4878
7479
8234
2553
1552
5021
1829
468
5179
5236
6370
6596
9811
2548
147
3120
8740
5227
7174
1622
2318
8179
9145
8209
8009
3978
9199
4863
9422
24
6979
2226
7997
7204
9852
884
984
2857
3575
8856
7994
3797
3876
1971
2521
1584
3368
7427
6153
6641
1185
9460
1277
707
8458
1710
5993
6880
4103
5635
7605
1197
551
7703
4339
4429
1002
7275
7097
8192
1049
98
4493
2191
4106
5275
7501
308
1028
7822
3834
3115
8962
6203
6366
5327
9482
7576
5798
9261
2930
886
3402
238
2432
1228
1167
6766
5716
8975
3454
5863
6170
3189
4244
642
4627
5678
4742
6541
2140
199
5552
5183
9469
1961
9487
7317
9974
5001
4820
9165
7571
992
4289
9024
6030
2522
1919
8894
6816
5002
7196
9559
483
8544
2853
457
3704
2948
5696
5436
906
7313
9119
4113
8612
9151
2570
1483
6540
2986
2192
897
4988
5216
5294
8327
8029
8644
4102
3526
1866
7747
5666
841
3985
1749
7064
5241
2068
5619
3994
6656
8557
3748
8459
9019
7220
3688
1928
4397
4202
3259
5546
3848
910
2847
9551
7309
3050
8848
2914
8040
2856
4938
8786
552
1707
917
2234
2885
1985
6884
5551
6528
9631
69
5418
1554
2978
741
6865
9208
8039
1182
8365
4286
1669
3609
8049
416
8818
8857
4991
7366
2062
8120
7490
4039
8339
3498
8302
908
4152
2002
7550
4813
9685
854
7333
518
3481
1550
3986
3408
3433
5915
1192
4060
1788
9372
6854
9287
2159
3153
7168
1943
9009
8502
8799
8995
2096
1582
2317
5254
5995
2897
5614
5555
7503
885
4428
3542
9692
9783
8074
7389
5488
2173
9599
6424
9135
6945
6958
8181
5123
1608
3944
8475
1739
7304
8802
2417
5445
6531
6251
7556
4675
2976
1720
2332
2009
2658
9155
7077
183
7403
6383
8827
9744
5535
3763
2867
8305
7623
8267
9107
6186
5097
8454
6361
3020
9975
3347
7570
8889
7502
1421
5238
3625
8987
1295
7453
6948
9560
3494
8564
9255
4186
6163
7036
1000
7002
1325
7920
9619
5861
3192
5194
9972
2639
5228
9093
2731
9527
6599
7903
9537
3726
7833
9825
8010
2360
7367
3692
7415
3633
8874
5078
3573
1014
2051
9614
7377
7098
3738
5764
217
9434
2880
6570
6103
4515
6100
4611
469
671
2003
232
1342
38
4180
2545
3292
3034
1250
6592
6695
6488
9979
2286
6358
5250
7774
8748
4806
5799
6276
2083
8520
1416
3386
6652
1267
1522
7790
3607
4605
2386
2607
7371
4290
733
1646
7566
2936
7594
8840
9253
3757
2451
8883
9784
1567
2403
7460
7428
763
3202
7629
4655
7522
8584
1251
302
6582
2849
6384
2154
1823
4467
5909
5522
4789
3720
5399
6597
4267
4770
5784
7514
3272
578
3424
9170
7933
8755
8064
907
5229
1652
5866
3445
8712
2594
4210
7839
8750
894
599
8537
6919
260
9449
4291
3250
688
2487
247
3277
8852
2693
5953
4207
2235
5741
8273
5858
256
7893
1078
7452
5781
4972
5315
5063
9714
7549
586
4036
3332
3728
9879
9579
2452
1476
3198
8508
1597
6654
6091
9062
3341
9140
1719
9324
5772
1934
6931
6
3024
750
1154
3862
6110
685
6167
4029
1305
4644
7938
7394
3419
9813
9799
3300
3945
5984
4803
3150
1996
9924
1731
9025
8979
5575
4726
6840
3398
2480
9877
4949
9668
971
4116
2757
6802
2737
1040
2714
814
6135
8768
6245
9971
1569
4527
7429
4021
5969
595
4821
4716
3469
461
2964
6442
3463
4330
4292
3081
2011
9243
41
856
7573
9347
6181
731
509
438
4843
1979
6001
3639
8190
5852
9836
6962
1336
2048
42
6284
5285
195
3833
4665
8093
7053
1189
6266
9621
1023
8085
5611
6116
9489
6313
5077
4441
7133
7543
8130
6764
1301
3108
1534
5759
1029
6278
6657
9464
6115
5880
9678
5325
2052
7644
2823
2102
7621
7080
2395
3000
5942
1159
176
4584
2833
5283
9442
4735
5524
1533
2676
5040
8194
832
9648
1146
6345
4484
1776
2810
5039
7874
4684
9292
3126
8850
5777
4800
3320
2092
8493
6325
8620
819
9227
9415
7721
7158
107
1411
8347
2327
1803
3588
5506
4323
6638
1683
7633
3052
5483
2711
7251
2684
5473
14
9180
3919
2326
6640
3296
293
471
7847
8196
3375
3707
7982
4082
2476
9572
9083
6292
5734
8259
684
339
9686
8096
2340
6996
3465
1810
2516
1453
5140
7950
8646
4836
8814
2099
9414
5761
574
4054
5058
2461
6917
2815
5583
1787
412
8375
2513
55
4633
9706
7775
2987
1877
968
2918
6249
3899
7771
2281
4697
6479
7930
3131
5470
4557
1435
5381
6555
5200
8106
2415
4576
8452
2220
5693
7342
5434
3452
6627
8861
1694
6713
7172
6745
7226
2404
3859
5951
7472
8037
7563
1592
2659
4686
1674
7597
1455
3572
2899
8211
2957
2526
3767
4269
2760
5996
7192
7086
7362
2950
3476
8396
1366
7261
511
5540
3361
2115
7127
5433
233
367
3795
9021
8174
9894
7072
2320
7588
277
4018
1818
4711
9385
1916
2925
5785
9860
6677
2184
3275
1935
3980
2917
7648
4478
2445
2141
1655
2808
591
5944
323
5685
215
285
2032
9555
5887
8892
6402
7358
9834
2139
5545
6511
9294
9575
7240
1092
1630
76
674
2858
5659
1222
6373
2994
8784
7494
1732
1004
6932
2201
5641
7000
7306
8276
3245
6492
237
555
7092
4117
5872
3737
9377
2825
7969
5576
2262
230
7154
6340
7956
8665
1158
8914
4377
1260
4345
4763
1696
5744
1052
8168
3839
4791
8654
2843
5838
7789
109
3700
3237
2879
4900
7683
3176
6519
1854
3466
2431
8198
1087
8432
5438
3574
3893
7736
648
5820
2632
7049
1639
2746
9399
5103
241
1792
4393
5648
6861
1665
222
5521
2207
6132
4865
6863
929
5350
4414
5152
3058
5788
9994
2636
5910
587
4452
170
2076
1113
9394
6522
1033
5681
6319
2248
7327
3911
5610
8296
1523
6262
9191
4643
8676
5655
638
3568
6829
1670
6852
630
6867
5911
818
3349
1730
8753
1506
5166
2759
1272
7708
4750
978
9881
2283
1844
7349
4294
2355
5736
9177
9082
8100
4488
9297
9532
3699
1841
9278
150
3223
9314
7538
7218
5439
5288
6549
4866
4463
12
9542
576
6507
7624
7051
7111
2175
1036
8944
7272
2842
6751
5444
6755
7995
2249
6455
6843
7310
5695
9074
1972
4283
3257
8073
9973
7298
9064
8110
6680
7872
8939
2066
7687
8951
2888
4347
7237
8991
1281
8358
361
5727
7314
3622
8088
3591
585
2034
1394
240
213
6909
5933
4005
113
9727
3510
4395
4225
4145
8580
9259
7840
7063
4556
7450
8736
4481
45
8666
834
8720
996
679
1057
21
4554
9531
1954
7511
9943
2209
3295
7399
3965
9417
2200
4871
7290
2186
2437
148
6183
6265
5646
3047
6935
245
4394
2596
3842
7042
7232
4422
8659
4710
873
6780
8924
993
3359
8214
15
