115
534
884
735
46
751
521
414
759
989
748
713
269
209
387
281
175
196
815
57
740
84
601
17
163
371
246
372
715
786
809
693
850
321
779
559
782
906
103
94
366
833
667
823
618
662
396
60
867
188
75
258
814
419
185
737
981
752
233
300
517
738
32
322
910
903
410
565
436
122
820
701
642
832
15
763
627
335
49
857
69
253
897
345
200
563
633
488
56
158
702
289
206
197
513
459
232
948
430
716
264
611
274
831
845
336
979
338
348
652
357
491
310
180
982
640
417
40
87
147
689
613
807
55
991
445
973
386
176
12
895
707
868
120
711
873
676
219
411
622
327
215
184
909
214
590
467
706
346
133
465
911
191
959
65
926
727
208
247
970
341
568
160
742
599
308
146
255
431
847
67
580
461
355
999
458
307
625
344
994
893
798
379
262
536
365
250
192
7
527
797
388
583
51
750
235
920
924
955
923
333
961
227
311
154
450
822
453
454
48
698
217
518
639
265
856
593
544
328
712
123
519
687
363
256
210
38
292
795
710
692
415
330
80
502
604
938
493
421
314
859
985
398
933
323
52
932
448
500
657
935
768
404
846
494
384
914
976
96
953
785
231
151
839
605
193
587
282
969
507
821
876
484
781
367
767
753
819
596
851
508
649
213
664
485
167
224
73
607
434
343
574
880
774
127
877
107
356
221
987
597
375
656
744
397
608
297
189
243
432
449
468
306
899
864
653
957
342
9
166
743
3
977
937
829
630
229
173
730
695
401
70
148
18
138
659
761
373
872
45
25
908
469
812
464
207
119
896
862
624
616
395
126
770
555
603
925
155
29
442
21
551
23
36
885
619
34
27
318
82
446
584
951
216
571
97
945
135
324
919
796
47
452
805
882
19
42
778
290
549
813
139
541
671
802
377
871
688
696
915
709
789
674
117
212
557
156
351
100
435
694
22
560
870
670
941
708
389
697
270
658
946
162
511
966
53
101
90
776
31
86
92
723
79
359
617
109
666
481
787
406
930
172
61
169
840
477
116
980
554
171
894
150
769
974
641
944
137
482
614
118
547
579
145
329
309
293
249
186
413
472
194
378
509
632
268
636
326
71
506
251
62
291
684
136
602
68
495
302
672
503
418
153
615
728
95
837
466
912
548
803
296
105
736
524
54
732
539
582
202
965
747
24
66
72
967
660
690
190
576
409
141
320
317
533
238
263
168
567
760
865
98
211
383
433
680
844
758
499
164
588
722
285
874
724
525
131
835
39
610
996
284
514
334
59
26
260
801
916
898
975
913
44
545
542
983
673
569
350
575
838
997
114
800
900
451
886
102
572
810
14
816
222
313
439
754
836
236
347
408
226
510
901
726
704
777
783
429
144
538
455
573
530
358
403
668
352
683
287
360
691
745
890
483
718
277
686
456
504
620
106
183
643
181
626
631
529
922
460
441
50
968
305
936
299
113
828
678
523
679
474
964
772
677
600
537
939
564
855
854
739
546
337
962
353
635
827
799
703
843
773
793
562
647
177
665
223
532
889
312
734
540
28
182
368
382
598
275
129
437
479
426
237
124
349
699
252
497
272
655
733
392
878
425
241
159
170
784
792
157
174
416
195
817
179
204
669
875
130
952
990
400
749
487
804
462
303
741
381
74
486
765
794
887
927
904
234
245
501
385
242
407
629
561
261
824
325
463
958
543
526
427
496
228
892
654
550
891
623
478
225
85
390
570
11
4
648
132
531
5
866
628
849
77
279
888
8
645
934
986
475
143
841
91
271
295
108
33
35
93
638
954
301
682
294
771
405
244
316
907
719
729
428
220
444
522
717
978
720
402
826
834
918
535
205
239
315
861
725
556
988
354
361
1000
612
339
457
950
606
470
64
125
972
276
230
528
187
81
984
492
714
30
766
949
63
520
757
811
553
947
998
879
110
362
681
248
788
10
646
705
121
128
370
319
369
476
685
917
58
852
505
731
700
83
288
286
364
498
240
586
391
438
591
746
376
78
420
578
515
112
490
883
858
790
142
721
512
104
37
581
165
791
149
16
283
473
929
380
775
818
755
609
99
399
424
928
422
152
254
634
756
423
552
905
2
881
848
621
1
808
594
280
863
637
76
661
447
993
41
440
931
259
650
902
992
675
595
489
558
995
394
780
203
762
340
663
651
943
218
566
178
134
585
298
111
921
257
956
331
971
516
589
940
374
825
942
764
304
393
471
577
6
198
806
592
89
201
13
266
860
273
43
199
842
443
830
853
332
869
960
88
20
480
278
161
412
644
140
963
267
