5
8
21
79
66
31
37
68
71
25
2
55
56
99
86
76
74
61
90
8
13
36
53
55
3
66
56
46
35
92
0
24
42
65
41
12
83
74
51
17
7
72
91
2
23
74
91
85
12
29
11
53
31
30
5
25
47
1
62
8
28
59
58
95
91
12
21
45
62
27
4
3
45
39
24
64
98
81
16
0
4
12
4
66
55
98
43
94
34
36
84
25
6
37
46
9
68
36
12
88
76
30
13
24
80
99
74
5
8
63
94
80
68
38
4
34
80
76
54
90
58
11
34
94
10
76
0
96
72
68
88
55
83
49
47
50
7
56
84
41
23
27
0
52
81
93
51
32
36
12
73
98
62
30
45
35
52
50
87
78
96
57
57
20
16
62
70
34
51
73
65
98
36
20
33
51
61
97
41
7
20
3
42
37
100
60
57
20
16
79
81
90
95
76
26
52
45
76
22
85
