81
21
50
29
99
67
41
21
20
99
32
65
0
96
75
83
22
34
80
43
35
44
81
48
83
64
15
14
46
24
61
15
33
23
100
83
81
52
9
71
38
13
71
61
25
92
4
79
71
9
71
51
31
82
35
39
17
95
48
74
31
84
55
91
31
55
38
69
50
85
6
37
30
65
34
41
22
35
81
10
77
23
1
0
95
58
21
58
63
84
51
51
93
33
55
37
73
59
7
43
71
31
36
21
36
21
77
94
84
44
59
60
64
4
44
63
83
52
61
24
53
0
7
12
72
58
96
1
50
51
18
34
67
87
92
21
31
18
94
100
10
81
78
100
53
55
92
55
87
11
31
58
95
4
87
27
33
19
19
57
11
65
2
4
11
50
72
56
90
86
16
76
41
29
7
61
83
99
74
23
87
99
43
18
14
46
83
82
63
52
58
18
83
41
48
92
42
94
22
76
