100
100
100
99
99
99
99
96
96
95
95
95
94
94
94
93
92
92
92
92
91
90
87
87
87
87
86
85
84
84
84
83
83
83
83
83
83
83
82
82
81
81
81
81
81
80
79
78
77
77
76
76
75
74
74
73
72
72
71
71
71
71
71
69
67
67
65
65
65
64
64
63
63
63
61
61
61
61
60
59
59
58
58
58
58
58
57
56
55
55
55
55
55
53
53
52
52
52
51
51
51
51
50
50
50
50
48
48
48
46
46
44
44
44
43
43
43
42
41
41
41
41
39
38
38
37
37
36
36
35
35
35
34
34
34
33
33
33
32
31
31
31
31
31
31
30
29
29
27
25
24
24
23
23
23
22
22
22
21
21
21
21
21
21
20
19
19
18
18
18
18
17
16
15
15
14
14
13
12
11
11
11
10
10
9
9
7
7
7
6
4
4
4
4
2
1
1
0
0
0
