0
0
0
1
1
2
4
4
4
4
6
7
7
7
9
9
10
10
11
11
11
12
13
14
14
15
15
16
17
18
18
18
18
19
19
20
21
21
21
21
21
21
22
22
22
23
23
23
24
24
25
27
29
29
30
31
31
31
31
31
31
32
33
33
33
34
34
34
35
35
35
36
36
37
37
38
38
39
41
41
41
41
42
43
43
43
44
44
44
46
46
48
48
48
50
50
50
50
51
51
51
51
52
52
52
53
53
55
55
55
55
55
56
57
58
58
58
58
58
59
59
60
61
61
61
61
63
63
63
64
64
65
65
65
67
67
69
71
71
71
71
71
72
72
73
74
74
75
76
76
77
77
78
79
80
81
81
81
81
81
82
82
83
83
83
83
83
83
83
84
84
84
85
86
87
87
87
87
90
91
92
92
92
92
93
94
94
94
95
95
95
96
96
99
99
99
99
100
100
100
