960
652
894
303
290
910
253
419
599
428
119
144
810
284
432
937
118
725
509
532
406
922
240
631
114
691
534
418
334
847
726
691
66
418
447
512
575
967
460
680
690
204
913
931
869
790
815
216
995
482
24
210
323
116
135
617
806
512
529
609
216
319
552
919
955
505
690
852
112
816
319
299
701
480
65
912
236
978
94
460
257
596
106
146
550
69
62
191
385
145
422
310
924
848
850
465
948
120
538
443
776
834
936
225
414
51
770
371
517
636
956
63
481
498
60
223
948
889
598
671
420
162
222
741
865
172
840
989
443
868
814
385
997
768
349
825
183
803
921
888
779
731
681
771
434
762
148
906
350
766
157
767
783
626
566
392
763
560
863
917
156
929
324
642
949
971
825
103
294
888
398
496
240
785
576
456
230
835
314
303
757
617
171
881
246
530
971
454
87
888
243
679
970
863
420
147
933
825
693
161
100
604
570
810
288
711
112
976
802
899
689
627
172
902
626
1
126
184
994
457
198
195
425
871
731
106
419
671
873
452
869
141
460
640
401
549
165
290
46
656
670
849
591
564
507
692
890
16
186
874
287
776
999
854
812
260
625
938
551
528
713
755
235
696
956
689
190
23
896
147
407
81
580
278
762
7
138
358
264
573
507
775
61
22
632
56
132
858
738
912
234
564
456
87
244
964
653
118
208
914
559
948
419
177
144
107
758
734
766
798
368
843
580
368
483
195
702
727
679
750
598
599
516
796
980
86
670
306
549
467
516
220
868
419
826
870
689
609
420
904
597
445
771
524
389
409
398
690
930
933
96
911
997
649
881
235
951
128
530
184
53
561
291
934
399
728
658
194
567
512
114
645
678
564
777
228
949
233
835
714
934
405
438
216
168
671
994
855
507
478
261
274
266
694
353
528
840
963
450
130
991
795
840
58
306
75
391
853
152
575
202
187
415
986
995
128
626
333
574
888
237
969
364
317
227
402
817
117
632
879
857
231
415
31
232
806
832
418
528
172
86
702
650
940
159
11
144
63
448
169
302
17
72
544
647
814
82
440
714
249
424
944
146
510
851
803
931
346
33
87
58
686
747
709
980
957
17
799
820
181
799
533
728
463
212
772
992
84
348
454
956
145
278
983
934
832
388
949
875
167
163
29
252
623
656
936
112
618
56
62
78
842
248
629
945
24
28
646
594
818
75
738
871
881
358
796
787
545
495
205
608
619
849
509
783
895
531
869
881
264
151
261
821
117
819
513
539
624
623
669
64
135
548
388
215
831
425
568
427
72
366
421
588
495
680
791
501
330
506
795
353
675
212
998
142
297
704
4
595
135
242
673
677
990
270
515
32
346
273
131
104
728
263
976
649
495
682
119
135
582
70
801
520
323
748
771
172
675
753
751
272
58
959
97
587
981
965
481
198
956
923
355
323
424
763
447
42
372
22
426
492
705
87
863
212
363
859
376
966
993
767
786
192
50
661
889
29
591
330
328
441
763
814
380
10
420
893
823
499
846
413
302
543
24
545
268
915
367
120
920
714
697
443
199
928
505
892
275
396
378
975
92
402
141
693
443
562
227
863
806
70
79
942
303
10
373
138
529
24
159
678
190
287
379
205
240
741
483
289
630
899
156
720
566
536
88
814
345
705
594
166
198
999
968
529
269
61
411
624
115
373
229
294
323
142
824
452
289
442
539
24
300
159
254
554
722
136
608
544
732
149
125
751
563
771
128
344
821
27
410
948
726
131
557
180
918
376
556
967
144
73
752
799
54
169
763
657
50
870
896
381
224
852
80
60
771
740
984
473
109
112
465
90
969
659
464
353
503
389
369
702
253
312
656
338
914
548
418
478
767
333
555
112
278
253
733
23
457
6
567
296
773
746
641
653
553
498
303
707
884
951
313
688
433
585
630
999
433
986
832
596
455
912
653
520
468
234
629
817
167
435
554
748
934
472
13
901
485
214
949
113
834
261
657
483
419
407
222
727
670
68
326
645
479
116
124
270
785
452
456
612
780
979
436
512
579
106
84
861
619
26
311
311
483
605
186
149
23
333
718
204
81
243
830
165
474
814
34
764
163
68
974
442
690
106
791
901
135
764
705
615
133
843
649
592
996
81
55
314
79
739
425
578
19
838
530
742
679
187
740
836
136
735
928
347
250
354
520
837
240
433
204
384
461
436
614
742
663
423
997
558
107
453
366
54
224
720
107
60
448
131
813
154
554
641
25
638
296
931
349
302
335
236
737
432
152
699
23
466
765
849
995
313
341
840
639
795
913
1000
773
