1102
2530
5494
3897
8710
3845
5104
5991
9599
6890
696
4263
5328
5416
6878
9701
9425
8202
617
318
7202
9669
1439
9195
2548
7975
9120
3160
2405
36
2025
8891
1643
4246
4732
5651
2038
3138
1563
1700
1815
598
5346
6486
2163
6139
4526
2342
8657
4942
5450
9574
9412
1505
7229
3
6112
9465
364
882
2646
4578
1350
5708
8872
701
9573
3987
6395
926
7661
6744
8592
9207
6385
5604
9555
6567
8194
1232
7665
585
2617
2925
3893
6975
9438
8606
1669
6272
2124
2278
6767
698
7866
443
7426
4592
9125
3409
1308
1592
9980
9959
6205
2275
9825
3394
3119
7241
6509
5148
6317
9316
578
8636
1148
658
375
9753
8027
746
3269
7216
6685
7606
5875
9541
3897
7582
5760
7516
6303
183
2141
5601
944
1178
3396
9483
7800
5680
7870
9130
6092
3913
3662
1134
3854
846
6993
2882
2223
705
8203
3208
9527
5550
9433
6818
609
410
2711
7050
6726
105
6978
6063
4215
9471
2883
4526
8144
7132
3514
5492
1690
1732
8994
7738
5870
9050
9943
8778
4063
3861
2060
2976
8021
8877
7254
8019
8006
8217
4339
4980
4433
3884
1391
1782
5923
6159
7869
8648
5608
8549
2363
3235
7441
3200
8284
1810
816
7350
3511
7817
4920
2048
5756
979
3866
3267
2551
1655
5225
7237
1674
2432
95
2661
722
2119
445
2408
2841
6219
1858
3421
6923
7383
1337
3749
5962
721
47
7345
8139
8003
599
6997
349
807
6857
4022
4488
4089
3600
8116
307
46
5011
9317
5725
5761
2417
5034
9365
3323
3241
216
6992
6707
7187
555
5608
1003
1413
9326
5963
2271
9346
9551
5026
4634
1555
1527
4588
1364
3464
5728
3057
5018
3308
6313
8808
5702
4048
4289
9270
7200
3814
1848
2860
9566
2431
2393
1792
4556
6862
3997
2750
2372
4274
4719
4459
6267
4967
1879
2251
1974
4655
1203
9114
3076
7901
3671
778
1965
5283
3284
4556
8758
1356
9920
4563
9435
723
2032
9658
1450
8446
8050
5655
7959
1409
8811
7357
8454
927
9534
7994
8941
7424
3429
8620
2080
7535
3484
9077
679
5355
4992
4075
254
6762
7014
5186
87
9840
9496
3417
5666
7912
5296
9337
4989
5355
1263
8432
6852
8210
2518
7236
5651
9124
4364
6375
6646
268
7574
7379
504
7580
4638
6074
8587
6061
264
851
7968
3800
1511
1039
5280
2448
2852
5216
3064
8236
9300
8106
6738
8300
7058
5286
9508
9181
417
3393
2305
3411
2411
5087
9646
8253
1618
6347
1635
7316
2445
7002
6358
8617
9165
7273
4668
5389
4885
9672
1113
8431
5657
8900
3367
1711
9455
4189
5077
9783
96
579
5695
7468
4201
5508
8941
5348
5319
5862
6504
5390
8278
7904
5903
6808
123
2437
5431
2519
9509
602
6663
8250
864
5386
1890
899
7959
7072
8655
4042
8372
1395
994
9042
8329
5821
5650
9362
1237
9780
2750
3096
6308
2515
7009
2048
4546
8695
782
8617
4638
8146
2682
4426
8561
1681
8512
1296
9617
144
6949
2930
8837
510
5716
958
9019
729
3813
4473
1588
9263
6433
9374
3131
8527
2939
5617
9886
7209
1592
2232
3076
4002
7285
1068
5968
1291
3360
6917
1536
3015
8531
2639
3149
7183
7628
4078
3013
3193
8756
2843
1982
5679
497
407
3172
5784
6921
9803
8378
5299
1717
1197
669
225
3928
8872
4200
149
2822
5247
3266
56
799
5496
3781
3077
1311
1132
3006
5532
987
3088
4779
9672
3005
2564
5487
8058
9195
2198
13
1539
5973
8182
944
8376
9369
2116
9142
4669
4795
6785
7897
9270
8277
8903
1536
9306
4007
8722
876
8853
6810
2545
8565
4872
1309
5980
5179
625
6611
6805
1751
6355
638
9939
4812
2353
5458
4829
4404
7924
1186
8930
4683
9088
8215
5246
3758
2242
1436
9064
8697
3331
6563
9740
1685
6736
9250
836
5013
9729
3720
6781
5545
2495
3479
5963
4110
2716
7603
3898
1889
7185
8008
5260
3812
2562
7058
301
9481
9882
3752
7228
4071
5179
1633
8185
1767
2766
45
1054
6202
7917
9680
2495
9085
4390
9003
5864
8738
1116
2205
1377
3121
2970
3260
3983
6990
4871
3927
397
2158
6754
7948
6667
4237
6720
9715
1796
6179
9354
2676
2724
7446
3857
1008
2230
6971
4928
2506
852
4416
9977
5467
1267
2540
3211
3867
8036
1195
2641
6006
9106
2028
5984
2794
7134
4135
7290
9277
4463
1638
493
5746
1055
8684
8923
5891
9392
6471
9786
91
2849
4895
9300
306
7850
3456
9094
8101
9302
9800
3640
7806
5983
3039
7577
5682
7619
6675
2561
6069
3429
8749
5084
4600
6529
9584
3864
6981
9564
9221
4123
8465
6466
9282
7877
3249
2186
6029
8371
5267
8870
9063
6267
9780
4514
691
8381
8497
2596
2779
7017
2237
850
5220
6657
4580
8102
3395
5344
7041
6513
6623
6545
1092
1574
7750
9555
8569
675
1446
2033
9988
4469
9169
7324
9796
5198
5051
1675
521
1307
6979
2990
9789
3593
6300
8030
5133
5056
6875
1319
6850
2589
8285
3051
5766
9622
7195
6309
8843
611
8825
1824
7867
4362
1345
7863
6181
2542
7976
8283
1510
8815
8471
8629
504
5384
31
6255
7792
7725
2566
4135
5605
5218
899
3867
6170
8914
969
4838
4325
8800
7213
771
3719
8398
3637
7589
1215
8286
5391
5218
8073
8626
958
5180
5179
3368
7803
2598
4940
6663
1441
2972
6808
7513
8355
9827
3069
269
5317
7578
4036
6121
4978
2044
7836
260
6979
9195
7925
925
9714
880
4997
8187
4733
1100
6332
5975
4555
2314
8735
3471
9641
4872
4136
5833
7543
4030
9424
6862
7689
3978
6915
7532
347
926
2853
7310
1638
8393
3450
4219
7439
2963
2060
5173
3671
5818
8937
3178
335
9898
8668
6907
5254
6471
4189
7442
4819
7853
1457
4815
5231
7129
1421
7259
3948
515
6690
4860
4525
2889
511
5937
3086
9853
7326
3162
5083
6577
2741
5811
6266
3042
2476
3263
9890
7763
3085
1882
685
4386
726
9825
8329
5109
6872
6503
3749
6305
8579
6484
4106
7409
750
435
891
2847
2163
1461
6618
4797
2851
6506
5518
1688
6435
6707
3263
6755
76
9712
6233
1638
1753
4803
2661
6850
5178
669
6677
2118
9362
5143
3279
4166
1877
4539
3441
6289
4695
2599
4276
6371
5717
7216
9870
2140
4653
1539
8110
328
8124
4762
2938
7775
5852
6843
652
8602
1119
5831
196
332
6965
9716
6550
4489
4846
5260
4939
4531
3224
2358
3861
4451
700
9702
1520
47
3750
663
1923
1501
3913
7401
9292
4147
2830
4207
8040
7048
8908
2800
2149
1680
2831
8758
4754
2722
6568
3318
7020
3116
7535
6236
4945
8691
7328
5687
3852
4424
5057
5558
2136
6404
8420
5269
7009
7365
3844
1726
7149
1255
6615
5565
9632
1585
2008
7008
5577
6571
8862
7480
4138
8145
4165
2331
8410
2483
8878
4412
7235
3900
9053
3404
2043
6062
4323
8146
4713
3029
5316
4016
4780
2651
2973
9117
5449
2878
1110
4228
4305
5876
1847
2236
7582
7463
7999
213
6159
6677
3620
6390
4488
8111
9415
5930
4881
777
9642
9287
5388
780
7477
3210
8840
2755
4271
8998
8927
2218
158
2314
864
1158
8549
9010
4562
5943
6020
5427
163
3182
9959
9492
9098
5517
3928
7682
6155
1539
2998
2455
4731
5946
6561
3959
3857
5763
5650
9061
5942
1527
4525
252
5269
7183
6897
6215
3597
8833
4469
5648
1963
2217
5355
7328
9316
3756
1122
3103
1807
9519
2240
1211
7834
119
3080
6179
9024
7572
97
3665
4784
1235
8915
5453
5781
3130
9815
1880
8559
403
2978
368
5759
4815
3951
3408
8112
8699
8804
9157
6518
8365
9864
2836
2048
7409
2639
3912
8327
4487
4578
4508
5617
3508
2336
7890
7779
7925
9570
7036
9481
7344
3775
5277
5947
8224
5117
7309
733
1515
9647
281
4112
8651
3598
1386
7931
5498
548
7894
5021
8376
7216
4747
1222
1711
3748
4386
6397
8087
1338
2605
3606
5677
174
6605
4365
4941
2113
7827
6103
3649
4724
2561
3261
1526
9251
4876
5456
1153
4811
2819
794
7572
8795
462
9101
4520
1692
3153
6700
5366
536
123
4595
5504
1
4283
3596
1309
564
8116
4433
4854
2064
9116
3089
9357
7393
2801
3267
4053
5419
2886
9594
7484
291
8728
5412
5979
380
7844
4773
9665
3571
3793
4851
5936
2713
9119
7045
5469
7952
5656
4555
4585
8917
1114
1208
1406
3409
9028
3271
6547
772
7543
7637
6936
838
5254
8335
2583
237
2994
6803
230
7859
5267
5917
6310
9107
9595
2583
7530
2725
8479
46
7812
5093
9946
4485
4626
6108
1758
6061
8193
2256
4482
5101
1018
9550
8751
8539
9139
9137
7691
8386
1372
2956
8357
894
7082
4423
1699
8763
1107
1636
7444
2525
346
3430
358
9757
1362
5733
3051
7893
3575
639
4189
9604
9920
8122
675
3471
8952
9792
5297
3647
4448
199
6174
3066
1994
535
1648
6309
3168
2228
4596
2658
2479
9644
9790
9500
6110
3225
8781
6477
4792
2732
4236
1147
4677
2941
5174
4203
753
5393
9574
5718
797
591
9130
7811
101
5699
6346
6300
3038
7150
738
4729
4761
977
1395
1878
904
4253
4038
3009
936
7364
924
6877
7238
826
9479
5456
6855
5465
1673
8284
3280
1751
3874
5506
6069
847
8597
6379
1406
9839
2561
9597
9349
6459
5370
8948
3866
7768
5124
7870
3854
9988
8971
5369
575
5248
5715
6055
6705
1423
2416
6180
1720
5099
4969
6738
8179
5619
2553
1967
7916
9401
1947
1838
8880
3991
2942
731
3748
4572
1129
295
6755
6410
6634
6019
360
6931
6451
551
9668
2945
646
3847
935
3377
5243
2450
7122
7799
9813
7514
5660
6980
9105
47
1067
9410
2713
3077
9893
7888
7080
6353
4884
7944
5044
429
5840
3133
1526
4986
2876
7064
4536
3218
5558
1603
2749
9608
3326
3633
7220
3733
2617
5175
7458
9103
9032
8188
6236
2898
7130
4692
4024
4934
1681
571
9843
5698
3018
3739
8160
5791
5747
493
5881
6801
1074
1491
9699
7102
807
5723
3092
9908
8288
2965
5996
7219
1386
1736
1358
6146
6882
1070
5413
6260
4407
5155
2258
5762
2569
2453
4207
8681
58
9167
2146
7137
5264
5608
17
3326
5685
9635
8290
1548
738
3478
4464
4538
8149
813
6599
6981
6768
9183
6521
8208
1736
8757
3874
4365
1739
5066
7488
6574
9332
2653
3481
2294
8722
2960
1346
6751
9053
4167
6370
5229
4132
6330
9338
5170
3399
8331
1280
8716
9870
667
7007
3314
8986
2108
6453
1638
6055
3100
4240
4141
7484
360
5845
3509
1091
9711
9306
4835
4589
1686
7120
4932
1398
6291
837
3629
2448
8346
4510
445
869
5570
2301
9623
2192
5280
7883
1520
1281
399
8779
2435
3793
9393
4999
2534
2622
5134
8598
3862
7138
9317
9139
749
8151
3850
2452
5933
3864
660
1555
4444
117
5421
3266
1179
9196
2511
1258
1324
2406
296
5306
1685
1908
1597
7043
229
7461
2161
7386
446
8887
3649
8078
366
7201
5260
3795
164
7290
8512
5752
2150
9484
9337
5782
4227
7481
9332
2461
4048
1983
2836
4529
4708
1341
6419
6756
3426
3545
6684
6630
7909
6401
5913
5534
4786
9113
8034
2003
601
1860
6286
5697
9347
6130
2991
6958
1960
9951
1480
4138
9545
964
4017
7280
5999
6086
2584
7517
6351
7313
4768
8818
1374
7345
3522
8949
9921
8298
2355
4837
2121
7127
9115
8709
7426
2175
1828
3054
44
2079
2790
3346
8991
4726
2980
3488
4460
2555
2939
9351
9791
6130
3342
8281
702
5797
1426
1834
4728
9631
8717
4594
4009
170
9660
5961
7490
8205
8175
992
1839
3049
8259
8319
6531
5758
6135
1568
8878
935
7774
783
3937
334
5498
5116
367
9455
8767
7185
5158
3955
6714
5471
2446
4242
1761
9305
1374
6637
2621
9959
8646
7223
6197
8079
6105
3887
3824
7554
9216
7156
4228
2090
685
2580
491
1041
6752
4691
8966
1124
3263
9405
9528
7752
9831
8791
2818
8380
8598
92
7335
505
1011
8137
5632
9230
6243
6853
9205
5120
6171
8919
723
8949
5770
4614
9917
8815
8744
2580
5681
9811
5919
4712
2780
8776
1787
3751
7651
649
68
4298
7230
8682
9790
5949
306
7944
4844
5279
9312
6789
6266
762
3769
8593
959
3101
7812
4522
8824
1822
3728
635
5616
91
8070
6663
3843
6727
8515
1214
5071
3165
2508
5581
4907
2338
9595
3819
4714
925
2753
8660
2966
6709
7803
4522
3810
4725
9804
4972
3198
5065
3404
2757
2858
2578
8034
8388
6256
7104
6987
5892
335
4878
4554
7560
2139
6627
80
5820
6330
6994
4048
9038
8568
556
226
6644
4582
7003
9101
3032
7966
2070
8451
1073
6446
8486
9372
6280
7388
5088
4767
8143
76
5025
9846
2570
1804
5317
6011
3990
3888
1880
2854
2662
415
6942
7711
6761
6501
9886
7980
4069
898
3244
1998
5220
1753
2852
1505
9443
9976
4141
9101
4744
8452
9479
9367
2242
4118
3321
2244
2511
8424
2479
2605
4266
9306
9633
4746
4480
6720
2060
593
9661
6291
5317
7835
5757
3302
5194
9929
2804
2128
6235
6320
8656
163
8141
5843
3795
3165
7729
6868
9411
1445
3842
9628
6023
9116
4237
2972
6268
409
8172
6416
9795
4410
3408
6075
8134
145
3807
8299
184
3586
2105
2035
2534
6114
2885
739
5656
9148
2513
4050
2763
8392
6287
6757
5294
6439
2739
3060
9594
2118
6461
981
5118
569
3459
9802
2644
5937
6228
5768
3034
1178
82
5541
4755
8564
9611
544
3522
5015
5276
4100
3120
985
3304
456
6409
4508
2396
477
1560
7652
7422
8174
3731
6341
5110
1895
6367
5955
2702
3271
6038
3320
5027
3354
8754
6918
543
4201
1141
9735
5641
9055
3059
2104
9268
5499
3993
9447
3090
9811
1754
5520
2530
4641
8269
1756
1054
7698
8221
7468
7395
8371
9242
2033
8496
7157
3346
3290
4852
124
7982
2822
1988
85
6108
6618
2267
2757
131
805
3330
5836
9445
5158
7478
6960
3708
6074
1714
1430
6502
7216
9753
4609
4914
7441
8256
6502
3252
6170
5449
8559
9706
3969
3714
909
6631
120
6362
3802
4978
9435
7459
1331
1747
6080
205
9611
2574
399
2437
4317
1452
3006
4305
7281
3679
5834
456
7498
550
8838
312
4798
4641
1214
4511
7930
5875
3526
2289
7950
6074
4526
8215
4352
6798
3343
8229
436
9995
5512
7383
685
4791
6476
1546
7318
7538
833
2909
8289
8085
7446
1274
3637
5129
6163
6927
5998
7034
1166
1575
3976
9376
8033
4387
4769
2298
5660
1047
2921
8179
4748
8063
4932
1912
9045
1292
4818
7417
8252
1351
7257
9499
155
2917
6045
8004
8179
9419
1104
2666
7968
9941
505
9629
6399
7548
527
4968
8959
3836
8775
6133
6072
3888
1041
8814
4653
4042
1870
3049
7774
9409
1381
9182
6113
9857
6839
2313
8205
9483
8913
6065
333
6870
2990
8806
9498
6276
3455
9551
7199
915
4099
4429
6458
3176
1242
4043
9214
9923
3419
9593
1755
231
4822
366
2535
4535
2634
944
7259
3517
6739
1491
8381
6350
3751
2694
1802
1581
8458
4515
8833
2567
6987
6402
414
6568
2984
7699
5375
6315
4040
5735
6211
4104
3820
6543
3027
4697
7023
2435
8439
5283
2803
6099
3045
2109
8176
1255
6802
5995
9399
5587
8966
6751
1453
6049
953
8432
755
319
8463
6012
3457
1157
5265
9514
1614
7718
1760
6642
9669
7164
7333
6548
2407
158
2387
6232
9840
5622
7006
1813
5018
6335
3739
1541
2045
8091
3121
2460
9053
5096
8628
7773
2979
838
2028
4638
7287
3440
6725
2938
6064
9020
3826
5744
2814
6651
9436
1941
5752
9333
3985
7198
3125
613
3013
7539
2552
361
881
7979
6949
5203
9141
2554
9323
2528
8826
2166
68
7211
1718
7993
2269
8701
9040
1964
6987
9642
799
4189
3298
2522
3364
1388
6057
5311
9945
1632
7635
8862
81
3015
3908
6879
1123
3584
4477
9875
815
7554
4185
273
4186
2140
1621
6585
9898
6543
5064
553
5615
9635
5000
8448
2546
5276
3024
7417
2131
7485
4319
4737
6021
5989
3244
157
8781
4381
1843
2434
3913
9395
5254
5360
153
8669
6982
9575
1640
5456
1934
8834
6377
1972
2507
1567
4666
8285
417
2854
3290
3084
7655
5109
2625
8619
9605
4817
63
8454
8340
9879
2866
2892
3201
474
4578
9756
4961
9258
8141
4336
5944
6584
7315
2563
4165
1141
344
2614
2853
7723
4635
5396
2872
7386
8485
3504
4797
1664
4836
5234
2572
1827
6980
8296
7446
8620
9897
1084
1149
4900
909
2924
7475
8810
9218
1609
3834
5727
4059
8737
275
7803
814
6635
3963
3832
8
5836
7834
1242
4462
9786
8730
1086
6050
8719
3041
3383
9269
8318
4674
6988
9906
9111
1766
277
1739
8832
6003
9997
7003
1785
906
6356
6234
8837
6128
1577
5134
3765
1106
5147
7761
8523
8568
342
4660
5381
389
9430
8459
3120
2716
4329
2611
4809
9798
2559
9035
47
9528
6727
5580
6835
6146
2914
1990
5148
3755
8092
7806
3813
9330
6783
3200
3954
4910
7437
8428
4189
8981
5943
9520
2643
3735
7529
2758
4588
1444
3723
8947
3387
1873
3862
4572
9448
4522
7469
800
9346
9694
6199
2890
1008
90
7410
1471
2153
6359
3185
1272
225
9700
9972
8815
7178
9985
3571
3607
9078
8966
4733
3399
1679
9112
6470
207
7997
2488
2178
6509
2163
9549
3551
2932
8041
7911
6249
5169
4537
5865
1855
7897
3194
2251
2010
7311
567
6914
1916
9832
6839
7682
1906
8868
4765
5873
5651
1652
148
2787
2326
411
698
4314
4610
501
2578
4786
4864
4534
2963
973
2619
7990
332
3303
4977
5117
8570
3241
3932
5863
5968
7554
8984
8343
7893
334
6609
6679
6353
3688
2885
110
6076
8109
4629
3287
6502
8949
5569
3228
8581
5708
9516
848
6192
3957
6737
6748
9468
6671
797
4509
6909
5691
1209
6021
5878
5218
4412
3837
4023
8463
4058
7046
3656
7200
3679
6689
5428
3909
2057
7497
3978
1067
9251
6001
5078
4349
5422
3184
846
182
4429
8952
1632
10
44
8093
5875
5994
545
7610
4312
6170
2589
5249
2744
538
8714
9397
7486
8077
6758
666
8926
7266
5761
7138
8144
975
4556
4646
6737
9662
2389
8147
9380
2489
8758
9916
486
951
657
3386
570
5027
2554
6450
1593
3499
2766
8813
5266
5256
3518
2203
5963
6444
6454
7537
2435
9836
9957
5244
2163
2926
5350
7021
4866
9957
954
3773
3166
5425
1320
3568
9336
1635
1461
8563
2828
6798
338
2128
7796
9041
138
2476
2823
600
430
5223
3046
5717
1473
3279
5444
9574
7700
7072
3702
713
7047
1066
7836
1270
9664
4014
1372
9379
8060
2807
6816
6736
7782
6931
1401
5321
4937
6746
3542
79
2896
8342
4569
9960
5051
9095
3085
6754
2777
3610
7611
5842
4206
7060
7671
1750
6076
592
1642
2346
7147
4140
9708
2199
169
6761
9335
3852
2116
3681
1790
877
8636
1559
5656
8312
2592
4176
731
5359
239
9497
2295
3842
3082
5886
9230
4192
867
9565
8007
4958
770
1868
1988
3031
2185
600
5861
6350
5464
1878
5736
3128
4190
2790
6815
1365
1555
2008
3932
8699
4093
3581
3797
9265
8772
8885
4143
494
5564
1100
9484
3505
9820
4995
3293
598
8333
929
1385
3082
5729
1305
5624
6901
5247
8379
2050
4988
3280
8126
8845
6592
8712
9521
6045
5670
9734
6184
6904
4495
7919
6743
9586
4431
4031
1299
9473
8614
8239
6615
2181
7471
2561
5871
5852
51
1741
9573
8588
6847
9391
4239
7376
1476
6355
3349
3803
4776
6861
6089
7953
1305
7323
9602
2561
6602
895
2626
9049
6116
2973
8474
8492
7067
8755
566
6206
8721
8256
5947
2044
9103
7851
443
5355
989
3461
5407
2393
8763
4155
5811
3914
715
6497
4051
9018
4979
78
7746
2577
9071
4890
5661
8954
9991
7319
8322
3269
2289
8495
9827
1787
9946
7828
3820
7654
5224
8310
430
8319
6764
1239
8373
4909
2462
9544
3765
9779
8792
4215
9978
9532
35
9946
6613
1693
2940
4683
8599
8945
7651
7802
5661
8684
9825
2772
4324
8466
4653
1938
6884
2110
297
7963
9760
9622
1072
4620
6930
529
6177
5077
5892
9510
6444
588
1170
1794
3540
2490
6552
6194
9105
5393
5931
8865
7197
1712
5558
2889
8286
9184
7541
8206
4209
2315
596
7548
2849
230
5146
4992
2064
2406
7686
7726
9592
4537
1592
9155
3412
4157
1315
2342
7324
9135
48
9608
3152
3907
8209
8886
8185
9196
7159
5710
8729
2518
8419
158
6747
2626
1267
5491
9567
4337
3836
607
6016
4106
8335
9096
9740
7651
74
8132
4687
3775
413
9885
1956
9812
3008
6968
2868
1160
4304
2510
7383
838
7578
777
1419
3853
1491
18
4276
4689
1356
5563
3350
6976
2516
1289
5554
1152
9808
3977
9698
3831
4805
339
7265
6920
7334
8986
58
9902
7711
5963
5930
9948
7557
7418
8553
3778
2112
1872
2886
3963
9268
9595
4405
4949
6807
1529
5738
8010
6012
6170
7449
4337
18
8105
7278
5222
8284
4967
7692
2754
1396
3032
1674
9591
982
2327
5409
7942
4441
97
8697
1427
2926
5672
4764
698
1379
229
7866
9363
9578
9085
2010
681
4269
2235
4875
1363
5814
3141
9843
4515
5061
6803
7704
1461
5687
3662
7484
9184
3758
103
5982
3354
9254
5961
9350
7668
9296
204
9944
9166
3286
1036
909
5432
9013
4149
6012
2990
3593
9438
8805
8129
3485
3709
4630
5908
3688
8265
9303
6569
2542
5024
4165
1320
7822
7793
2287
4039
5678
8637
1233
5937
6801
8910
1723
9853
7565
631
1816
4313
7113
9453
7028
589
9621
9865
282
2737
5232
2021
3739
202
721
9012
7983
8491
7769
6110
8833
3543
5034
4552
577
7471
2793
3395
3883
3340
876
4190
6714
6159
8496
29
7340
7946
9203
7487
1928
5530
8441
2633
79
9718
9557
8191
121
4835
3398
5477
4385
7356
843
6574
8505
7606
8481
1637
8462
6188
7478
8883
7609
7365
6264
9219
9888
3460
8195
886
8848
8377
6777
5258
1439
6393
760
3264
8115
1911
2422
8277
5508
2149
5764
6158
4948
6965
2147
4516
7740
1050
2478
5828
1751
5496
2992
5869
881
9316
2737
6324
3732
3554
7986
4753
3878
81
6032
6315
437
4486
4713
7244
7582
8127
8454
7034
468
5790
6451
5578
9513
5310
6732
413
9493
8170
6646
3424
4948
484
8301
1128
5455
2671
1654
7817
8468
3143
3281
2092
1650
5061
8078
2653
799
2961
5838
8399
5419
9380
1303
1230
8929
4063
4114
1400
9475
3734
3809
5695
5236
3396
2854
9149
925
1411
9407
2900
2064
3203
2667
1907
5261
2548
1521
3491
1210
1234
7703
1008
8476
1071
99
8229
2933
9971
5567
4320
8570
5904
7906
8756
6557
1974
5976
527
2393
1937
5560
7741
8437
7915
5927
360
5295
7924
5044
1664
852
7006
9570
6370
391
318
3569
9212
9900
2351
1136
1563
2075
4961
1170
8019
5802
5022
8372
5440
5309
7645
9619
7592
2614
8727
5822
7061
9331
8482
4960
8370
6859
3464
7478
6037
7824
1616
6952
2062
8265
3079
4270
4288
8245
6584
5569
5599
5457
6650
7575
931
1446
9945
3431
147
8153
3220
5094
8306
7807
8091
2729
308
9834
824
9496
1044
8641
5856
6109
3417
7313
6367
2936
5056
1421
7913
8929
5624
2678
7883
2988
9905
3572
5402
1503
9760
2579
2116
6082
5056
3352
4797
3170
6383
2423
9626
6584
4565
7992
4011
8801
9716
3419
185
1039
8537
4944
6890
3073
9724
6327
2512
499
2511
8360
2551
7676
1937
8358
9268
3090
1669
9495
7330
5287
7845
4573
331
5804
5285
4259
5882
541
342
4927
9133
6334
9129
1381
9452
5855
3544
6785
9562
1270
6138
9599
6808
8331
7408
1149
3944
5821
1433
3228
5952
1717
7953
60
4147
790
3766
5918
2775
3400
8710
5835
387
7436
917
8615
4259
100
9159
1651
3280
2811
2154
8843
4567
2711
3186
5943
6291
6224
539
3241
6754
5066
5702
3879
1274
1557
1242
5259
1346
1205
1975
4182
6567
5757
3256
9432
3607
4758
4966
7371
4208
8386
1242
5246
9979
1428
3024
4651
7146
5333
5014
7838
8447
9285
828
1542
9984
1090
126
6112
5049
2534
3185
6
6469
2888
9014
9398
6123
9511
4978
1518
6662
8984
9979
3543
1349
6836
7261
3448
498
3804
7573
835
9232
8144
5566
1679
270
3690
3832
4542
3621
5822
6295
8298
887
8485
8700
7429
9376
7357
4540
8009
6012
7762
5221
7697
6607
6987
1709
8967
4620
212
5305
6657
822
6014
5298
1331
2124
3931
2539
6954
1561
4493
4221
1475
6948
8335
3563
9665
5993
9746
5468
1822
4072
8252
7477
6189
2051
458
9889
4426
7884
2453
4153
3835
8371
5252
5480
5360
3084
5069
6273
2554
5749
3144
2413
301
6270
3741
6571
1871
9311
1264
7899
7687
1409
7824
4249
8840
2460
6760
3988
7186
6827
9291
6355
8468
6640
658
3627
2767
5282
7373
5856
7898
4290
3727
5450
4643
2562
4439
3061
6872
8323
8956
3748
6523
5516
314
382
1540
5732
41
1208
3945
3746
963
8189
8165
1148
9101
3844
4839
5530
7307
9758
8882
5806
6733
6641
9444
8699
1334
6839
7449
2245
4180
2231
7482
2511
3617
7127
222
5504
3382
340
2237
9281
9078
5598
7363
1430
7377
6318
5575
6353
6962
2580
1425
2482
8325
3547
6975
3411
1635
9773
4189
5727
332
8850
2772
3290
5728
1818
4864
7801
4087
2278
4376
4459
6833
4122
2503
5657
1298
4210
3900
9745
5944
5937
2517
1120
8827
8568
5668
8122
8964
6134
2972
9111
1302
3341
5917
7745
9471
7367
3797
9421
1831
8272
5500
5223
3019
7179
124
1827
3110
5463
8610
2737
7821
7123
2949
881
8388
5861
5395
9682
8499
4781
8630
2019
1729
2591
3059
778
4553
6516
634
7893
1319
3683
8203
3410
3754
264
1022
8675
1016
9289
3135
1848
6991
273
4155
4421
2288
2801
1665
4975
6726
2475
5625
8069
6544
3657
7775
6834
1940
5046
6858
4236
8638
3303
7505
5105
9170
1015
4001
6973
73
6064
1427
9070
471
7693
9959
7277
6690
2780
4341
2396
9788
6869
3495
541
3923
6088
754
6391
5073
4794
6018
4861
6251
8377
186
1418
3130
2753
1331
5008
3608
180
6287
4812
4349
9007
3555
5447
5884
1100
610
2712
4006
1787
892
7138
863
9887
6517
1248
7869
218
5986
5122
2208
239
7538
574
5255
1890
5451
5218
1703
1329
5020
5952
5696
979
2294
9869
9783
8565
9989
9986
6
4171
8996
1561
3214
4984
2181
6607
5912
1693
1568
7689
6821
6565
3050
6567
8264
864
157
2494
956
6555
766
7703
5715
3243
9781
4561
2508
8514
826
1367
3526
720
2695
9602
50
6562
1442
1916
6623
9631
8630
4123
7830
6221
4054
5937
3437
7746
7213
576
6006
3518
2930
5860
3021
3787
3410
1463
5636
8378
4972
632
9173
4883
1435
861
7868
1452
4864
1191
1195
3093
5315
4077
9763
7972
4477
7423
2404
3539
7481
5852
8766
4056
6131
2714
1269
1950
762
8920
8702
3207
3005
3066
5207
102
6479
7112
1191
415
1184
5053
3090
7908
7751
1923
6477
4981
915
3933
7948
2079
3643
9907
4028
2520
2375
198
9786
4905
6508
5457
2913
4077
4802
4297
1617
5789
4485
3587
6998
2616
1082
4900
1263
1353
1518
9997
5169
2072
9852
7990
4195
4630
9545
4499
5480
39
8643
9260
2904
5909
3955
2146
4264
8093
2913
5026
6737
7793
9765
9894
7304
16
9010
9729
604
444
7728
29
3071
1593
4131
3184
5738
8989
3198
1083
8055
5459
8924
9222
487
3884
5611
8478
8730
8157
9675
1390
4611
7836
6061
6741
4743
3159
918
3395
9012
2095
7882
1694
8949
7087
5700
2455
127
4724
4283
7483
3308
9954
404
2241
3533
9228
9196
5500
4715
7818
8692
2016
5249
267
4827
3231
6386
2821
2143
5578
8203
4983
1538
8710
5601
8104
580
3156
6260
9053
3537
3914
9524
7537
6972
6710
4441
9863
1248
5631
6850
6776
7700
3517
6539
1808
3840
1570
8320
7536
2304
8104
1144
5106
9570
2666
1585
1673
1363
9034
1066
9819
8539
4241
8407
1275
8389
7342
8294
1770
6279
348
9254
6606
5562
9088
60
8801
2377
3421
1995
3715
1918
5231
9394
1266
5606
8455
2012
9649
6467
8510
856
3835
2788
8644
7536
9634
8762
5202
4990
994
7766
3776
2138
3184
5645
9397
300
5125
7624
3540
2323
1684
1451
5197
6095
9366
4980
7556
2403
6005
2868
1045
9211
8228
6419
939
8167
5012
1153
9698
1293
1686
5875
9962
2123
429
2206
6573
893
3512
5936
4764
6656
7218
3657
1452
8673
5025
3023
6920
7091
9711
4102
9298
9192
3866
5787
3909
644
5877
6165
3717
8585
7237
5530
5914
565
5248
4101
5240
9727
157
8206
9575
7338
8915
9799
829
1994
962
2211
1769
9601
8145
4450
4007
5455
8936
6104
2158
3594
108
9763
3271
8008
4736
8857
7404
8562
5403
3004
5914
6408
9229
8514
7210
7933
8039
491
2194
9025
7712
181
692
5316
7158
7906
5488
2942
6967
4045
6556
4240
8237
8540
294
8222
6716
8506
2863
9411
3910
6357
9372
9037
6898
3142
3394
4143
4182
9121
8479
2953
5394
1895
4523
3910
131
9353
3374
1682
2003
5881
2335
6288
2526
4260
6782
7086
9935
7277
6480
7885
1957
1718
7664
3207
5595
8928
4197
922
8776
7290
4873
4134
3810
9944
2883
4056
3668
9470
3362
3119
3587
2570
9212
9985
3049
4082
3506
5365
4883
8338
7374
3936
6319
4061
6224
78
460
3778
3909
8719
2311
5258
7575
1466
7457
388
496
6034
1359
8345
5844
893
9884
6118
8851
8154
5922
4171
8651
2551
2812
7278
9090
8888
1625
8799
4178
6465
6706
4509
4515
1863
7166
8480
9837
1015
6279
3550
4862
6147
3147
1398
7132
2480
9388
1115
7205
1831
6344
6644
5673
9661
3599
3021
4713
3341
1087
8374
1938
164
8626
1514
6031
8692
628
9579
815
1928
6840
8174
4281
136
1844
4579
1010
8756
1522
6657
8035
3039
898
3969
5144
3848
9112
1823
7661
2934
2141
1030
1340
2723
8997
5596
5160
1235
5192
9924
8907
6531
4099
302
6538
4065
8641
7790
561
7492
6308
6258
7072
4021
5053
9406
7229
1171
9729
6461
1675
6061
7819
9505
8375
9329
3036
9687
3649
8229
4458
4488
4410
6698
1493
7728
4297
123
9175
9365
8249
2429
2286
3107
9262
2000
6248
2501
6445
9925
6789
7581
3661
3357
8942
7790
4980
3153
6802
9098
7630
7683
6425
9694
1425
5867
1887
5356
9076
32
9012
4354
7526
897
6249
2490
782
7418
1623
1698
1217
7914
5086
8853
8647
1150
8929
1694
3941
205
7276
6543
8945
3458
4955
3689
2621
8789
6277
5701
1362
1756
3266
3816
3945
1783
1044
5172
371
5778
9257
4423
9085
625
5123
3580
2979
1396
8575
5135
8457
214
7601
6334
4680
9272
9943
4861
2748
4747
8841
9268
7664
5039
9089
6471
7741
8401
9657
4989
7919
4320
2655
8960
2402
5101
4317
9346
7353
111
5532
2819
5221
4809
581
3972
4656
1298
1201
5614
6218
4486
9841
4609
8002
368
5330
1790
8242
9528
3693
7294
3429
4995
8091
5499
7399
4172
5884
6230
3288
8078
7100
7149
1618
3983
3357
5442
1930
6045
7713
5843
3131
4361
5536
4267
7441
8239
7674
3505
5442
8679
2562
9601
5672
9439
8311
670
523
659
9289
6732
1976
6157
5994
3973
5787
5537
3647
1701
3183
8887
6520
4314
43
9087
3495
8291
2416
8933
4565
8929
2225
9242
2974
5967
4917
2964
3704
7371
590
8257
8265
4005
6703
6600
2761
8510
4221
5914
3224
9764
4935
5168
9523
5651
615
8544
764
5222
9797
6268
9655
9806
2236
1481
4572
5775
7260
5490
1127
2035
926
5864
5163
3983
5410
6953
1288
1604
5899
3032
3115
9092
441
5135
9886
9302
3230
5418
3449
8450
126
9593
7212
3814
324
1094
6813
9039
8829
6686
1805
9931
5929
2763
2787
7604
6839
495
6884
4213
8382
5207
4436
7605
8060
7124
741
146
3354
1337
1529
608
1322
407
3972
2275
5698
2853
9047
7450
7903
634
5199
5411
9119
9201
1128
4063
7874
4481
1954
4268
9196
4447
4748
2400
9060
9636
6897
9162
699
8015
7420
2622
5969
7205
4698
797
8923
6839
4161
8825
3910
4964
7576
8446
5580
3789
1405
169
9808
942
6876
9618
6650
711
593
5329
554
9785
3107
7293
9498
7819
5033
8783
6974
3764
2246
8658
8574
3047
9382
1293
5023
1899
6567
584
7319
7668
7279
4448
868
2604
1489
8752
7261
2713
2399
7675
5956
2999
9985
74
3437
9967
3194
2457
9512
8025
4492
171
6699
8318
1579
886
9510
5969
4784
3377
6828
4680
6682
340
9311
4753
4627
4949
7693
6726
2715
6470
4427
8586
2919
3253
7075
2573
3062
7051
5205
8670
8745
9691
2823
1708
504
5291
1863
3647
3885
4358
5893
1608
4514
140
6259
1636
2281
8607
3188
4469
1810
2280
3837
3039
6768
828
6932
2362
1709
231
3151
4851
3380
5291
7189
5161
9540
4525
9342
7868
5708
4899
694
3847
5195
7538
2340
6327
9794
8135
9365
7822
3720
3973
809
2694
2958
4749
8052
9473
1693
656
9290
5292
9329
3630
6285
421
5819
8331
3066
4027
2455
9317
2713
7556
256
4919
6601
3885
64
293
9142
9362
8285
5953
2527
5160
1082
6893
8631
181
5274
6002
6747
6716
947
3409
7004
6794
9969
698
5624
608
4623
4738
1846
5872
8938
8826
1819
7784
6397
9894
9972
7121
2121
4777
158
8494
9141
1133
3296
859
2476
2927
8450
5139
8435
6475
1926
3644
4615
3911
3856
709
9235
6550
6552
2259
6457
7182
5677
6550
9040
755
111
7336
9048
4768
7851
6379
9560
9337
6503
4499
438
8122
3779
6999
7755
2325
9893
3352
8958
9457
6977
5453
2128
2009
2731
6876
9328
6580
4998
8908
8557
554
9005
4874
4504
1205
4940
6692
8708
5179
2621
4432
1637
7610
4122
3298
9092
6810
2662
2328
599
9112
391
3452
6441
8547
5389
6467
4919
3407
8915
8611
3625
4105
2959
8918
7933
6461
5523
9801
4526
164
7177
5162
4291
4146
5337
3457
6886
2326
1810
5807
5863
3048
7443
467
599
2216
8458
2895
8635
8953
5294
5402
2492
1330
5216
2419
8197
3339
9806
7775
7950
6953
7642
8942
6224
6350
394
2672
8109
1898
763
9339
7952
988
1043
5248
8742
4528
4741
7305
9054
2850
8693
6990
8316
7217
7023
9023
3009
4310
1493
1547
3246
2149
5662
7539
5796
462
2447
9193
7223
6532
4461
7773
7295
3176
9181
5467
556
2179
2148
890
1681
5225
8203
3668
487
1765
4573
6976
103
5409
8161
8653
1776
4758
3720
8473
5101
1857
2655
5414
5683
4881
3854
2759
2768
515
1498
8619
25
5418
4176
2526
4559
6666
2605
9121
9855
536
1219
4047
9931
8540
96
2533
8751
5984
9617
6850
2948
659
4151
5775
4206
3105
4265
7710
907
2713
4226
4517
7941
7590
4312
4206
7617
4696
9575
3893
2436
4365
9044
7353
3485
5452
5730
4286
4997
4496
5062
1845
8385
9330
5685
3077
3852
1666
4829
7977
9440
8326
1721
3524
8547
3973
9496
2189
5707
3590
6058
9239
396
2751
2861
6942
2959
4776
6553
4549
3856
5252
8910
6839
9491
6294
2449
8344
5689
6514
5956
7932
5044
6369
8968
8050
1938
8487
6594
6186
6172
984
5006
2167
7607
7264
1679
4391
4847
7674
2695
6947
1131
8576
185
1971
5565
2615
8813
5522
8446
4889
1610
2756
8695
9323
1996
7010
5857
5024
8972
3576
4206
7518
3348
8710
5363
9250
2222
2366
520
6484
8472
7845
7082
9805
2861
4482
560
8137
8590
3708
4578
4760
4142
8832
2731
2214
4267
6623
2234
8644
4156
3338
3338
2167
6395
7127
6527
281
9952
7985
6269
8867
3132
7671
1255
8963
2025
684
3778
8052
6636
5757
5222
9751
5788
7528
1156
1008
5181
6430
6996
1906
808
9728
9101
380
5158
9352
9019
9041
8621
221
3910
8999
9676
7363
823
6611
515
1324
2267
6441
5371
5404
5301
4861
1044
5403
353
4597
6367
1005
6327
6223
7683
1750
9857
5776
3850
1503
3643
7220
2370
5220
1095
3680
7640
2644
7610
4164
9264
3250
5017
9262
4972
4183
9824
1161
2585
5858
896
8334
5625
4068
5339
489
3060
5465
9405
152
4447
7246
5647
6237
5388
2642
2263
3765
2972
1393
1407
4047
6830
5333
3314
9837
1430
1749
8977
186
9256
9883
821
7148
190
9423
8436
6462
5109
9715
5769
4476
5609
4179
612
9024
3748
2244
3987
306
9455
625
9945
4264
1924
9578
3376
7649
5351
2093
6251
7362
7267
1242
4723
757
5533
4358
5846
996
2025
8740
782
3268
9019
6055
6491
6152
2208
9092
2547
6761
5649
9048
4324
4443
7935
1131
5735
4587
6330
6282
9179
2003
1352
5412
6090
8215
9317
5390
2596
1855
8712
9138
9303
568
5868
9722
6084
1148
4462
7237
3847
1560
5448
6976
2164
6636
1899
6964
686
7942
9278
9651
6554
6219
8539
129
8619
4731
6213
2390
3876
1846
4453
7217
2847
5937
9732
5284
535
3033
4416
2671
5277
1142
8243
7270
4502
1432
4540
5952
1228
668
6820
5748
7176
97
986
764
2541
445
8597
1760
354
2079
9165
9062
5885
7722
1160
1244
8337
809
3477
1388
5777
5568
2353
6261
2320
5413
9800
6762
6177
8779
9401
3912
2464
7880
4954
4231
8901
3685
3905
3726
9481
1764
2738
5500
9981
3239
8951
8054
8624
9818
7213
2173
2777
6198
7228
5706
6725
2011
266
8423
8284
5759
6867
87
8125
757
8313
9296
7614
7399
2218
6064
5285
7844
7552
1043
8481
5836
1899
4707
3248
8974
9532
8707
3197
4328
7153
4374
3058
2869
2776
7417
2168
8302
8637
6594
7382
8676
5068
282
6297
2218
4641
6277
9174
548
9769
7880
3094
9498
5897
3720
7902
9306
1198
9318
7999
5695
3098
7376
9205
3261
3507
5628
8542
5890
8240
6830
1947
9694
7654
9132
6596
6051
806
9084
4061
2754
1878
6724
9768
9664
4608
5527
9507
8097
2559
1895
9927
1731
3733
7719
647
7161
855
4537
120
7475
9473
4827
8447
9895
6865
8992
5045
2162
4554
9110
3937
6103
816
784
1618
4074
2050
1544
1809
6370
9835
8595
4709
5214
9402
6804
3855
4240
7559
8499
576
4189
7781
8387
1786
5605
6067
9255
9005
9228
2789
4458
6116
6610
2467
4607
541
2932
90
4428
8484
5784
7012
2315
9036
1488
7070
4108
1549
4146
4041
6086
1321
3718
5078
9726
289
9429
3824
1857
1007
9257
3302
9280
7829
888
8866
9091
816
5556
8586
8194
8221
894
8599
3596
8840
7246
7639
4720
4546
7295
770
952
906
7588
129
3064
100
8251
5748
1759
9668
199
8823
6291
4107
3917
9722
9614
6901
7756
8458
2904
2747
5869
9601
1885
7858
8028
5797
9423
4323
9582
6232
6892
1623
772
9202
2678
3332
342
2426
4904
5520
2153
6702
1095
8298
8166
7716
8067
9079
9525
3712
7976
9704
7856
7494
3410
2678
1865
2313
426
6721
9089
5914
5778
1010
1757
7802
7774
1135
9244
4482
2698
8715
3257
2847
3406
630
9844
331
3594
6328
9308
4636
4401
967
3730
7009
379
3035
4840
6105
5895
8478
3812
679
9690
404
8905
2439
1534
4424
1179
7606
5300
7531
6263
6209
3726
5810
9672
6362
8670
7421
7561
6384
3534
2905
9360
1138
4817
8005
390
7129
4508
7801
2718
9779
6079
5047
6412
4666
8845
6313
6363
8371
9369
9674
8605
5840
6536
9456
9559
4118
1607
7415
3107
9254
6875
2958
5201
2063
3339
5440
1411
7840
4
8013
760
9522
9745
3282
3260
1937
8577
6272
5846
1840
8865
5329
5044
8416
5711
8059
3971
6148
8142
4931
8130
8652
530
8888
2379
9500
2983
6274
286
270
6956
7503
134
3094
9567
1738
2482
7553
4356
6528
1590
2593
3073
8037
6637
2501
3302
7192
8333
6636
7753
1939
5799
8817
8107
3765
3511
309
9199
2864
8347
4229
5394
7871
6399
7535
4727
7950
4887
3687
3289
9816
9623
5541
1659
8157
1122
6092
8566
9137
9319
5676
8654
9793
8984
9965
3184
2303
4725
8473
4835
8711
9538
1314
9947
2571
5496
4725
9799
6795
9439
6656
5983
6602
736
9001
7339
5972
6413
6760
8211
1635
3088
696
6493
5614
6890
1810
7675
4511
1057
2084
1821
9715
9904
5462
100
7004
8270
1478
703
6853
9991
378
359
9921
7146
4522
9995
243
4709
6719
653
2044
4623
2576
395
7921
8751
2363
9123
556
6593
4601
8091
5062
5705
3738
7955
8674
5759
6289
4029
7430
7544
196
5925
9899
8748
1231
1154
8340
9490
2528
1748
4379
9538
9780
688
6199
6024
5724
6009
3841
7317
9378
2044
2149
5345
9289
8203
4160
4986
9696
6528
3399
4320
3829
6757
6497
3621
3509
371
6150
2026
893
3513
2084
9285
1985
8920
2473
3764
2643
2073
5696
1399
3255
6176
7027
6759
6691
2672
2595
7800
6236
4493
887
6451
335
7600
1778
2570
6569
1708
8831
1419
4918
2833
199
1791
5458
5179
4864
4892
1534
2260
8441
9798
7680
9246
3927
3577
4204
4500
5909
5217
598
623
4493
9818
7991
7292
7542
7833
2134
8392
7365
9360
4334
9100
3005
5314
803
9011
3689
9713
6061
6425
3022
8136
2722
5909
3402
6731
67
8858
7534
1454
4907
6758
4664
9730
1394
9850
3217
7123
8177
107
7304
3332
1925
6465
1465
4451
1223
5820
2706
1370
7179
2710
282
8159
9817
9399
7438
1359
1583
634
3846
1236
1455
3945
6217
3908
2002
6385
8475
1223
1568
8511
7918
4966
4380
3842
6176
7409
3882
1641
3839
4889
9905
120
1649
9995
5859
2310
7286
5052
2497
9243
3710
3515
1121
1293
6477
5174
6641
8055
4766
1660
9903
8106
3363
6074
7046
8923
7267
4471
6878
5407
3347
6354
9342
6205
8896
6904
6281
5644
1963
4523
4771
9697
1014
262
8979
222
5328
5014
2891
2731
2967
5131
6601
7553
8063
1579
5793
3866
1067
5841
3252
5555
5001
3867
9284
913
9371
2793
9400
1818
9797
7229
3694
1793
3130
4939
5689
5744
8713
4462
3156
97
1450
1021
5170
4009
4421
6401
5383
9545
1504
591
2285
8104
1688
5308
9013
4800
9560
3445
7447
9046
6596
552
1303
2858
6256
4162
9281
3165
6352
4611
1665
6432
2607
6731
290
828
9082
7644
1930
1808
3532
711
8626
1701
4896
9575
4801
1791
5804
2404
1374
1172
3008
7386
6758
7025
5849
8147
8627
5471
8246
1196
1985
7114
9132
1308
35
3607
4767
111
76
5091
96
1686
7891
9768
1141
1623
8413
3802
8357
7480
7345
4120
1140
1575
1981
3256
102
2588
7808
7624
2131
7017
9212
1610
5528
1743
1895
2826
5324
2549
2352
2367
1537
6458
7653
5454
9942
716
2242
1671
9895
9457
8974
884
931
9186
955
7412
4526
1786
1483
3425
6935
9366
3952
5045
948
1257
6138
7716
6356
8861
5168
4179
8856
1260
6077
4618
2035
5177
9894
2802
1960
8424
5466
9006
7537
8054
8045
866
4593
9414
7410
2651
7863
9237
8908
7266
5597
7643
5966
8560
2277
8662
6995
4662
1509
4878
1014
8800
6410
6155
8470
3532
6561
880
8032
9656
8218
1511
977
378
6157
5014
6810
1309
4331
3806
9839
6582
9837
5023
4057
8579
8244
1999
2445
1655
657
6853
4958
593
1574
383
4412
578
7135
9165
5005
4468
1494
5723
234
3299
8377
8743
5722
8704
166
3766
3590
9347
2755
3849
2081
8430
2585
651
411
1046
5822
8058
724
2912
9051
9060
3589
7756
5367
382
5460
3377
9309
1383
9405
1162
409
976
862
2071
6076
118
1458
9843
5471
204
6111
3534
9928
4966
8547
3281
8058
2543
8288
7289
2142
9527
4860
7160
5323
5445
3836
697
972
5425
1284
1566
4484
342
6080
3009
4796
7681
8404
7639
6414
3628
8879
8265
1384
7303
9558
7821
7432
1023
6155
100
6007
7997
6364
6845
9209
9794
7808
1913
1558
2151
9527
3913
1338
7186
6206
5912
4271
6145
1867
8520
5873
1594
4754
7043
6670
146
9682
1195
7443
1110
3483
3012
3152
1810
2895
8443
232
256
7247
7559
269
1025
6259
3741
1787
9071
4405
2748
8388
895
4394
684
357
9192
3251
9180
3203
5573
2989
5868
5186
6465
4316
5552
7300
1939
848
7712
7704
2940
9147
5816
6887
6934
5077
3133
2037
3093
1125
7684
4489
2834
7541
9323
2091
3735
1751
7725
2990
6793
39
1025
1205
5452
6639
893
2392
8284
2907
1672
1149
8876
7332
2290
239
2225
5392
8602
676
8160
9022
9293
1762
3596
8885
9693
5768
6767
8382
6239
8019
3731
3779
1829
9898
8154
6312
1771
9618
2239
1382
9521
5387
8764
654
347
604
5054
6234
1896
6456
9412
6126
4651
122
6334
1663
3920
4659
3271
4385
4767
8279
1206
3061
1865
7828
8458
8052
3722
7983
4633
5432
4920
8580
5235
8252
9521
6379
3700
9346
9026
5186
6127
5342
1359
2510
8419
5040
7387
6898
1335
3064
5366
4778
5031
2002
2747
6502
2015
4508
270
7465
2811
841
3633
7868
5958
4421
974
9382
8653
5417
9018
4331
4387
8661
5375
8419
3632
2726
7029
1089
7013
8861
8442
1454
5482
3071
9770
2607
6722
9494
1322
8719
6921
5052
3077
178
7321
1602
9979
1759
5417
7193
9804
9337
1680
7024
9216
4325
3358
8574
6469
752
3322
7371
9689
8727
7854
2190
3992
4062
6111
5463
4965
5359
3860
2878
5856
306
7778
2319
7603
413
2806
4735
7467
252
9132
3916
8364
3712
4777
8730
3825
963
9212
7680
5815
1001
1
3955
6543
2888
4295
860
7748
9950
2671
1231
8697
174
6519
234
7360
8198
2919
7543
5142
8221
3499
7126
4717
4075
9453
693
8648
3539
9649
2493
1047
30
8898
8779
3658
6732
2713
7053
2323
2983
9289
7897
4821
3530
6906
227
5544
8559
9816
1850
2144
6
8931
2436
633
4179
2594
5300
7504
1937
3301
6590
5502
7368
5024
6118
1242
6471
5889
6273
6099
6984
725
9806
1819
962
5291
2785
4399
3931
7849
1449
7303
304
3244
8316
1602
826
7139
7006
1355
2288
146
4342
2178
6163
5001
8233
1266
6710
7490
1222
468
8253
9834
4801
4922
9925
2165
7857
5287
4321
6307
1160
3633
8433
9807
3322
2324
8497
9499
9688
5471
2676
679
19
8971
4647
596
7134
3045
7392
9574
282
292
3227
4156
8467
9879
1724
8557
6197
7193
9225
7698
9724
360
2659
331
6972
7686
3875
361
2963
5007
7801
4477
4103
9663
4537
336
985
5622
2959
2973
3063
5932
6829
4683
1875
3402
6235
9577
9374
4181
8135
2966
1629
2887
9815
3476
4472
8844
61
1310
9672
7198
4531
2306
474
3701
6135
9348
7187
8072
63
495
874
1427
2629
5291
183
7529
6572
9353
3095
977
7559
2239
4922
4068
9509
1925
8726
8873
6646
274
2687
2581
2206
9055
9103
8842
1474
736
4809
2360
6511
8218
7369
4146
4946
8343
3818
1723
6805
8921
8241
4817
4099
1514
3226
4149
4878
274
9026
671
6715
512
8581
5862
9628
1707
1555
6484
2003
6805
4389
9028
3716
2754
8562
6020
1164
1443
4555
8680
4014
9570
6292
3917
7894
3134
4706
714
7656
9858
8239
6596
7935
7241
8534
7539
269
8759
8353
2260
1773
5341
5529
2887
2173
9296
4237
5686
3308
6759
9588
6055
8140
9920
3068
9587
2830
1927
636
4733
3666
8104
7415
4876
8836
1917
479
1288
1443
7146
2243
8779
6430
4135
6528
853
7460
2319
1399
1197
3386
7621
8676
939
5106
992
6278
5327
9360
2837
212
1694
463
1128
1106
5642
3510
6940
6377
2192
3686
3841
7930
5087
3049
5829
805
769
2576
4787
4273
55
9962
336
6877
9102
9660
5909
7933
9624
2391
15
3549
2195
2766
9292
18
533
4254
852
1246
3540
7838
852
6164
8395
9697
5671
2664
1369
9352
6765
8680
1847
3299
7614
8159
1503
6008
4318
9579
9139
9133
1163
1751
3443
4110
5283
2578
3073
9051
7361
8497
2139
4014
1722
411
9297
9448
4624
8486
4823
161
3771
8151
4452
2991
2829
661
4051
4951
4335
4620
4328
6230
8374
4210
902
9378
3865
7006
8196
2248
6014
8599
2301
2860
3154
9207
3530
1923
4697
1942
695
9630
5482
2487
1664
8171
6459
246
9831
9612
8772
1376
1740
7546
2158
5330
1605
6004
9223
520
8828
2599
9148
2240
6316
3172
6942
470
4556
2222
9381
3762
5085
9741
1911
4155
2421
2300
8064
5110
7533
3717
3419
8250
343
6998
7260
192
7695
1341
1686
6702
146
3600
2430
6423
6950
4278
3296
5068
7225
8565
2773
9562
8629
9962
1285
8103
565
916
531
2245
8044
7474
536
1037
2252
2228
9935
2855
8793
6335
72
2337
7995
9349
8725
5971
5462
4042
3095
3941
7979
1435
9463
5466
4927
7886
8601
9578
3038
5138
4328
5718
7817
4800
5202
9566
7570
9972
3026
3027
6
921
7860
4841
6555
7602
4651
663
5676
7585
182
3432
6062
3872
9573
4353
5202
3378
6235
3506
3094
4760
2994
1451
8458
9452
7378
1918
1480
2795
39
4893
4726
8621
5256
945
7761
872
5820
3049
7124
3966
7475
6142
4436
4402
3043
8725
1149
614
5693
2916
5779
1690
3242
1703
7895
5212
8142
4054
9403
3420
6761
2310
5580
6141
6534
9322
3290
3764
1784
5911
3877
2052
1452
5443
4337
6454
575
7286
6073
4636
8615
156
3976
3641
2317
4995
1729
2508
2146
8559
6493
8908
7225
5478
1716
9328
4219
1727
9858
5886
4367
2328
1279
2769
6130
7198
1670
9295
8869
4260
5655
8134
5865
9686
5052
5002
2255
5293
8458
853
8242
265
7976
8029
2784
3691
3615
1964
2350
1666
9123
395
6062
9835
5511
2751
7318
3253
5280
1651
5146
1371
9119
1857
2655
7396
4190
6302
3602
1365
5278
6501
8546
6289
7211
9625
9404
4206
7778
152
7373
3412
5954
7589
9004
2040
9774
9883
1475
6617
7509
6961
457
2522
1901
7376
839
7681
3911
1117
7885
8920
6024
672
1263
5917
280
7289
794
5139
3039
9282
9764
6534
9948
1650
6449
3203
7775
3950
8561
9801
7652
3607
1233
9731
8603
4125
7824
8103
3725
1767
1388
4018
2799
6888
4657
1247
6623
1639
9363
7393
6080
44
7517
3159
6054
6229
2233
984
7525
8945
2232
9487
8177
2370
371
5786
9238
3506
9077
4401
3803
3788
6256
8833
5067
2650
2828
3465
1783
5700
2759
1100
6671
6701
8995
8526
5614
4312
4054
3124
6184
2400
1245
1248
7130
291
2238
3828
116
8203
5897
3194
8577
473
6019
5982
6885
1334
4216
3810
8435
7243
5379
4698
2519
6154
7222
7493
412
5499
5593
7633
9534
9863
6645
7303
729
6761
4892
6514
1206
5195
5574
1257
9465
4804
7686
7751
2278
3379
9129
9827
7213
9
168
3931
6470
6125
6590
6694
8321
1753
171
7200
8920
86
3257
265
9795
5806
3945
6614
1559
9338
8825
304
5052
3161
5978
4692
6903
1467
782
3367
1999
824
866
5090
6252
6830
2397
7564
4792
977
5848
1927
4608
5279
5135
1330
1480
8806
1491
4180
7119
4747
3306
150
9657
2068
4336
3488
9449
2963
3064
4160
6063
5396
7705
6129
3137
8439
9252
718
610
7416
5652
3240
5167
499
3266
564
1586
2118
8426
25
1847
4037
4860
7963
8399
3667
3384
49
2247
969
5884
1485
2859
8227
4718
2992
4262
6807
5223
3474
8477
8484
2359
9480
92
2919
9476
5445
4068
7388
9802
1349
8941
1850
296
8203
1109
9585
8558
7885
8847
7662
3063
7294
9340
510
4292
6048
9598
7420
1990
4331
398
8872
8694
2234
8092
6940
10
6121
7609
7898
5554
7538
5310
6785
3462
8108
9922
3901
8720
2313
2984
8864
2374
6973
4429
4968
4986
8199
5445
1075
1498
241
2271
9811
5432
4488
3165
3816
2687
1629
7087
1187
9928
7979
1575
3690
5057
5994
3350
1405
3607
9209
3286
7154
4655
6598
8515
8037
601
2535
5556
5026
1248
5839
1339
2925
3478
8271
8843
8504
8043
2017
3049
8646
1491
4074
5449
6673
472
3724
1859
4531
1773
3249
1350
8587
7008
7718
3441
1799
704
3095
6534
8344
9285
4090
9504
9397
5113
492
5556
9134
149
771
9926
1883
7417
1299
4271
9864
312
3426
2506
3117
3592
5748
9078
2031
2869
2655
7526
4555
2633
5890
8035
6402
783
7084
1172
6088
3482
4189
4491
1375
1359
365
9170
840
9708
1945
7825
4701
3446
6340
7660
4658
79
4552
7659
1965
9108
5147
4209
3511
67
5020
8683
725
4156
8569
5182
4080
1421
5730
5515
4714
2319
8577
3241
8356
1083
3808
5627
5755
3233
9276
1063
9813
3735
1373
4695
2216
2108
8781
1980
6356
3183
865
6118
6971
6638
4763
8004
5276
4609
6397
2061
5604
6876
1303
9058
3854
7089
2897
7178
5209
5201
7151
443
9401
7827
4512
4815
1063
2189
1861
7355
4183
2295
4566
4825
7046
8928
2491
6928
3023
5207
8156
9759
823
2316
852
9851
4443
9499
9659
8375
8804
1798
4306
1476
1961
7010
408
4799
6620
6201
1346
3964
5358
1898
2234
3228
404
4129
1109
3933
8645
5461
2787
3977
2921
2557
2345
2060
5850
2922
4416
2047
1264
6918
128
3636
2625
4004
1985
1936
1016
8498
5969
6295
8675
3467
6479
7155
855
3718
1437
2693
5463
3056
6885
1976
7049
7018
5329
2487
7654
4260
5921
5757
5454
4580
1794
5414
806
3260
2124
7664
873
7359
4621
2426
571
560
5632
1996
3625
4386
5123
535
4541
4270
8965
5024
8913
792
9683
4691
1671
5827
9592
6611
6961
8545
2125
7498
3020
1570
9293
1693
3973
3608
4759
8876
1056
1144
886
5415
8944
8102
1637
8492
7144
1970
2334
135
2779
5703
7042
6882
7390
4421
4882
5411
7179
356
3269
2120
3261
1546
8102
569
7264
3739
5562
1629
6806
9876
6881
5370
1810
4880
96
8203
1446
5072
2853
5867
4090
4761
9724
9488
528
2546
5424
1256
6787
5485
1842
9552
5602
6416
8725
961
7848
6127
1093
8042
5464
9689
7211
6613
9861
2582
9831
9326
7935
7782
4544
1217
9083
5949
3930
3191
4876
2745
8623
7333
407
2272
8701
6379
9719
8533
3845
7278
8941
699
3714
7924
595
584
7131
9051
6616
4949
7821
470
5240
4560
419
9360
8069
378
7659
8386
6913
8082
3679
9169
57
1805
9378
3040
9596
5016
1552
5209
1419
1390
7612
7951
637
9947
6548
7102
8581
3311
8042
2419
9531
1535
8312
4804
3860
9656
9347
2032
157
5073
5383
9157
4688
5457
4543
2331
2734
3169
3382
4675
3771
4303
3156
6491
2905
8669
2166
9934
8477
4459
9164
2036
2166
7005
5404
1270
4930
5454
5266
4211
9474
3193
8807
6851
9095
7286
5149
8804
7421
3
5798
1737
1167
416
4383
25
8420
3037
453
698
3322
3378
1747
9972
9004
3186
9090
1831
4620
7555
4339
3814
3730
9478
4232
8598
3214
697
6450
6809
3660
7255
9997
9977
3851
1448
2059
6518
940
6515
4151
656
6821
1214
8107
1047
1374
9508
5244
6012
2610
6820
5841
343
9174
6205
5906
4991
7774
3404
5040
935
2083
9509
338
1150
7983
6566
7570
6265
8504
1574
9274
1542
6000
398
3992
3235
2075
3760
4874
5695
781
3337
5588
9872
8640
1179
4384
1499
8211
6213
2733
44
6142
5016
3339
4905
8
1989
12
5376
4705
3516
2412
7365
2428
8256
440
1245
5494
5198
2800
4259
9462
3685
941
4559
3627
9085
3441
8139
5289
6893
4436
4420
1726
1808
1386
9334
8610
1213
9221
892
969
293
9646
502
5166
6524
7676
8717
6786
710
5680
3503
5389
9164
7148
2781
46
4774
3142
2085
878
2324
9030
1939
3190
328
3857
2301
9615
4427
5894
7331
1441
6277
2319
3567
3722
8100
6610
3366
9464
1114
4482
1745
8366
7446
4632
4905
5460
2414
7592
9271
1660
9645
5277
154
1359
9039
3147
5157
7696
1756
7869
1732
1560
4173
812
758
5049
2265
1069
6738
3990
1337
9882
3294
1550
5756
5338
4012
2634
3271
1470
7372
9395
4780
5963
7909
713
7145
8289
667
769
1567
6592
3113
2043
3624
5672
5988
107
6808
1009
3879
379
6856
1114
4577
7664
3249
6913
7945
8718
2943
1061
7969
8725
4499
1214
7949
3105
3787
4287
1191
3503
107
3706
4317
7407
3493
8962
6308
9065
690
5857
1483
4590
7240
4111
6771
6839
8596
8017
8205
3970
7834
5380
9535
2791
9562
397
250
4692
4641
8600
1365
296
8132
5911
4763
9035
3391
2591
8256
5873
5568
4175
4152
6845
9002
9687
8929
8747
4475
6850
6648
4546
5899
8350
917
9686
8178
3290
5504
8360
1902
2086
912
3119
7360
6031
9432
6493
4530
176
1898
9531
3181
6780
7568
581
5793
8653
2452
7341
8897
4313
2974
3661
3987
2124
4299
7724
7590
4461
2949
4983
6502
395
5369
7682
3806
2627
6810
9
3522
1760
4980
4300
8465
3106
4703
7336
5281
3931
3405
131
2960
9412
4039
1578
181
2050
3012
9284
7303
8944
1972
2963
1710
4968
8253
5524
9673
3938
1609
2033
9826
9434
2240
8618
6314
8890
7654
1094
1574
9840
4768
6162
9415
1249
642
3898
6248
2215
4401
8467
515
3015
4300
5022
8874
9100
3655
8994
9523
238
3355
2385
5793
7856
2471
90
4583
8824
2067
732
1849
1069
1205
9473
7583
28
9614
297
8418
696
6038
3488
8655
3286
4181
9971
2680
5931
2376
2197
904
5604
5204
7372
5856
2210
6081
2985
2874
4449
6700
9046
7284
9993
3191
482
121
1524
7072
186
7256
2298
6061
6670
6034
7880
1492
5020
7485
1046
4534
279
3483
156
713
6103
4405
109
7789
5726
6653
5698
9534
9957
1659
4487
9120
6086
8363
3852
3116
2786
2790
9434
6639
3471
7985
1997
8181
4030
9424
5509
7047
3076
5689
4625
8904
7790
2546
3477
8944
75
4381
118
7074
7678
1203
5310
5377
4788
3511
909
8791
7622
8724
4128
1819
2341
3853
735
8269
881
8717
5525
3693
2486
5951
9059
2741
1590
2343
9408
28
9994
5140
8047
9304
7154
9960
5055
6106
5848
9307
5870
6285
2760
307
5089
2329
4933
7625
8084
6132
1882
7256
2420
2178
532
2452
1536
190
9457
2112
2634
7105
7586
5788
9193
3227
153
5661
6396
4292
1211
1314
2501
3593
1246
4304
7446
6065
7732
5512
3122
2094
1089
891
3264
4955
2349
787
3652
9099
6488
1833
7495
4761
8696
6589
4552
4086
5195
6036
3697
6075
5654
7080
1593
8965
8914
4492
1895
5519
7104
3633
65
7161
6974
8304
9463
6264
8117
9850
3417
1191
6054
373
3996
5379
9041
5328
9484
5941
3538
2584
4395
6476
3552
686
6374
5173
8689
3073
1695
8896
8128
9620
3633
5831
4210
4108
4379
9871
5752
2138
8554
8523
6065
7129
595
5963
9979
6497
3054
2690
1866
1831
2181
7107
2913
938
8099
842
2633
9263
7307
8154
9375
3405
8599
8231
2779
2405
3676
8727
4008
8897
4182
4442
2575
2362
7882
5951
1415
6962
5327
1007
8419
1318
3502
9767
1014
4023
8727
140
7819
9729
7023
1770
3585
4553
4483
2305
7100
2037
9129
6484
9269
7141
4748
3387
5988
6860
8041
1429
9895
2182
