1000
999
999
999
998
997
997
997
996
995
995
995
994
994
993
992
991
990
989
986
986
984
983
981
980
980
979
978
976
976
975
974
971
971
970
969
969
968
967
967
966
965
964
963
960
959
957
956
956
956
956
955
951
951
949
949
949
949
948
948
948
948
945
944
942
940
938
937
936
936
934
934
934
934
933
933
931
931
931
930
929
928
928
924
923
922
921
920
919
918
917
915
914
914
913
913
912
912
912
911
910
906
904
902
901
901
899
899
896
896
895
894
893
892
890
889
889
888
888
888
888
884
881
881
881
881
879
875
874
873
871
871
870
870
869
869
869
868
868
865
863
863
863
863
861
859
858
857
855
854
853
852
852
851
850
849
849
849
848
847
846
843
843
842
840
840
840
840
838
837
836
835
835
834
834
832
832
832
831
830
826
825
825
825
824
823
821
821
820
819
818
817
817
816
815
814
814
814
814
814
813
812
810
810
806
806
806
803
803
802
801
799
799
799
798
796
796
795
795
795
791
791
790
787
786
785
785
783
783
780
779
777
776
776
775
773
773
772
771
771
771
771
771
770
768
767
767
767
766
766
765
764
764
763
763
763
763
762
762
758
757
755
753
752
751
751
750
748
748
747
746
742
742
741
741
740
740
739
738
738
737
735
734
733
732
731
731
728
728
728
727
727
726
726
725
722
720
720
718
714
714
714
713
711
709
707
705
705
705
704
702
702
702
701
699
697
696
694
693
693
692
691
691
690
690
690
690
689
689
689
688
686
682
681
680
680
679
679
679
678
678
677
675
675
673
671
671
671
670
670
670
669
663
661
659
658
657
657
656
656
656
653
653
653
652
650
649
649
649
647
646
645
645
642
641
641
640
639
638
636
632
632
631
630
630
629
629
627
626
626
626
625
624
624
623
623
619
619
618
617
617
615
614
612
609
609
608
608
605
604
599
599
598
598
597
596
596
595
594
594
592
591
591
588
587
585
582
580
580
579
578
576
575
575
574
573
570
568
567
567
566
566
564
564
564
563
562
561
560
559
558
557
556
555
554
554
554
553
552
551
550
549
549
548
548
545
545
544
544
543
539
539
538
536
534
533
532
531
530
530
530
529
529
529
528
528
528
524
520
520
520
517
516
516
515
513
512
512
512
512
510
509
509
507
507
507
506
505
505
503
501
499
498
498
496
495
495
495
492
485
483
483
483
483
482
481
481
480
479
478
478
474
473
472
468
467
466
465
465
464
463
461
460
460
460
457
457
456
456
456
455
454
454
453
452
452
452
450
448
448
447
447
445
443
443
443
443
442
442
441
440
438
436
436
435
434
433
433
433
432
432
428
427
426
425
425
425
424
424
423
422
421
420
420
420
420
419
419
419
419
419
418
418
418
418
415
415
414
413
411
410
409
407
407
406
405
402
402
401
399
398
398
396
392
391
389
389
388
388
385
385
384
381
380
379
378
376
376
373
373
372
371
369
368
368
367
366
366
364
363
358
358
355
354
353
353
353
350
349
349
348
347
346
346
345
344
341
338
335
334
333
333
333
330
330
328
326
324
323
323
323
323
319
319
317
314
314
313
313
312
311
311
310
306
306
303
303
303
303
302
302
302
300
299
297
296
296
294
294
291
290
290
289
289
288
287
287
284
278
278
278
275
274
273
272
270
270
269
268
266
264
264
263
261
261
261
260
257
254
253
253
253
252
250
249
248
246
244
243
243
242
240
240
240
240
237
236
236
235
235
234
234
233
232
231
230
229
228
227
227
225
224
224
223
222
222
220
216
216
216
215
214
212
212
212
210
208
205
205
204
204
204
202
199
198
198
198
195
195
194
192
191
190
190
187
187
186
186
184
184
183
181
180
177
172
172
172
172
171
169
169
168
167
167
166
165
165
163
163
162
161
159
159
159
157
156
156
154
152
152
151
149
149
148
147
147
146
146
145
145
144
144
144
144
142
142
141
141
138
138
136
136
135
135
135
135
135
133
132
131
131
131
130
128
128
128
126
125
124
120
120
119
119
118
118
117
117
116
116
115
114
114
113
112
112
112
112
112
109
107
107
107
106
106
106
106
104
103
100
97
96
94
92
90
88
87
87
87
87
86
86
84
84
82
81
81
81
80
79
79
78
75
75
73
72
72
70
70
69
68
68
66
65
64
63
63
62
62
61
61
60
60
60
58
58
58
56
56
55
54
54
53
51
50
50
46
42
34
33
32
31
29
29
28
27
26
25
24
24
24
24
24
23
23
23
23
22
22
19
17
17
16
13
11
10
10
7
6
4
1
