9997
9997
9997
9995
9995
9995
9994
9993
9991
9991
9989
9988
9988
9986
9985
9985
9985
9984
9981
9980
9979
9979
9979
9979
9978
9977
9977
9976
9972
9972
9972
9972
9971
9971
9969
9967
9965
9962
9962
9962
9960
9960
9959
9959
9959
9959
9957
9957
9957
9954
9952
9951
9950
9948
9948
9947
9947
9946
9946
9946
9945
9945
9945
9944
9944
9943
9943
9942
9941
9939
9935
9935
9934
9931
9931
9929
9928
9928
9927
9926
9925
9925
9924
9923
9922
9921
9921
9920
9920
9920
9917
9916
9908
9907
9906
9905
9905
9904
9903
9902
9900
9899
9898
9898
9898
9897
9895
9895
9895
9894
9894
9894
9893
9893
9890
9889
9888
9887
9886
9886
9886
9885
9884
9883
9883
9882
9882
9879
9879
9876
9875
9872
9871
9870
9870
9869
9865
9864
9864
9863
9863
9861
9858
9858
9857
9857
9855
9853
9853
9852
9851
9850
9850
9846
9844
9843
9843
9843
9841
9840
9840
9840
9839
9839
9837
9837
9837
9836
9835
9835
9834
9834
9832
9831
9831
9831
9827
9827
9827
9826
9825
9825
9825
9824
9820
9819
9818
9818
9817
9816
9816
9815
9815
9813
9813
9812
9811
9811
9811
9808
9808
9807
9806
9806
9806
9805
9804
9804
9803
9802
9802
9801
9801
9800
9800
9799
9799
9798
9798
9797
9797
9796
9795
9795
9794
9794
9793
9792
9791
9790
9790
9789
9788
9786
9786
9786
9785
9783
9783
9781
9780
9780
9780
9779
9779
9774
9773
9770
9769
9768
9768
9767
9765
9764
9764
9763
9763
9760
9760
9759
9758
9757
9756
9753
9753
9751
9746
9745
9745
9741
9740
9740
9735
9734
9732
9731
9730
9729
9729
9729
9729
9728
9727
9726
9724
9724
9724
9722
9722
9719
9718
9716
9716
9715
9715
9715
9714
9713
9712
9711
9711
9708
9708
9706
9704
9702
9701
9700
9699
9698
9698
9697
9697
9696
9694
9694
9694
9693
9691
9690
9689
9689
9688
9687
9687
9686
9686
9683
9682
9682
9680
9676
9675
9674
9673
9672
9672
9672
9672
9669
9669
9668
9668
9665
9665
9664
9664
9663
9662
9661
9661
9660
9660
9659
9658
9657
9657
9656
9656
9655
9651
9649
9649
9647
9646
9646
9645
9644
9642
9642
9641
9636
9635
9635
9634
9633
9632
9631
9631
9630
9629
9628
9628
9626
9625
9624
9623
9623
9622
9622
9621
9620
9619
9618
9618
9617
9617
9615
9614
9614
9612
9611
9611
9608
9608
9605
9604
9602
9602
9601
9601
9601
9599
9599
9598
9597
9596
9595
9595
9595
9594
9594
9593
9593
9592
9592
9591
9588
9587
9586
9585
9584
9582
9579
9579
9578
9578
9578
9577
9575
9575
9575
9575
9574
9574
9574
9574
9573
9573
9573
9570
9570
9570
9570
9567
9567
9566
9566
9565
9564
9562
9562
9562
9560
9560
9559
9558
9557
9555
9555
9552
9551
9551
9550
9549
9545
9545
9545
9544
9541
9540
9538
9538
9535
9534
9534
9534
9532
9532
9531
9531
9528
9528
9528
9527
9527
9527
9525
9524
9523
9523
9522
9521
9521
9521
9520
9519
9516
9514
9513
9512
9511
9510
9510
9509
9509
9509
9508
9508
9507
9505
9504
9500
9500
9499
9499
9499
9498
9498
9498
9497
9496
9496
9496
9495
9494
9493
9492
9491
9490
9488
9487
9484
9484
9484
9483
9483
9481
9481
9481
9480
9479
9479
9478
9476
9475
9474
9473
9473
9473
9473
9471
9471
9470
9468
9465
9465
9464
9463
9463
9462
9457
9457
9457
9456
9455
9455
9455
9453
9453
9452
9452
9449
9448
9448
9447
9445
9444
9443
9440
9439
9439
9438
9438
9436
9435
9435
9434
9434
9433
9432
9432
9430
9429
9425
9424
9424
9423
9423
9421
9419
9415
9415
9414
9412
9412
9412
9411
9411
9410
9409
9408
9407
9406
9405
9405
9405
9404
9403
9402
9401
9401
9401
9400
9399
9399
9398
9397
9397
9397
9395
9395
9394
9393
9392
9391
9388
9382
9382
9381
9380
9380
9379
9378
9378
9378
9376
9376
9375
9374
9374
9372
9372
9371
9369
9369
9367
9366
9366
9365
9365
9365
9363
9363
9362
9362
9362
9360
9360
9360
9360
9357
9354
9353
9353
9352
9352
9351
9350
9349
9349
9348
9347
9347
9347
9346
9346
9346
9346
9342
9342
9340
9339
9338
9338
9337
9337
9337
9337
9336
9335
9334
9333
9332
9332
9331
9330
9330
9329
9329
9328
9328
9326
9326
9323
9323
9323
9322
9319
9318
9317
9317
9317
9317
9316
9316
9316
9312
9311
9311
9309
9308
9307
9306
9306
9306
9306
9305
9304
9303
9303
9302
9302
9300
9300
9298
9297
9296
9296
9296
9295
9293
9293
9292
9292
9291
9290
9289
9289
9289
9289
9287
9285
9285
9285
9284
9284
9282
9282
9281
9281
9280
9278
9277
9276
9274
9272
9271
9270
9270
9269
9269
9268
9268
9268
9268
9265
9264
9263
9263
9262
9262
9260
9258
9257
9257
9256
9255
9254
9254
9254
9252
9251
9251
9250
9250
9246
9244
9243
9242
9242
9239
9238
9237
9235
9232
9230
9230
9229
9228
9228
9225
9223
9222
9221
9221
9219
9218
9216
9216
9214
9212
9212
9212
9212
9211
9209
9209
9207
9207
9205
9205
9203
9202
9201
9199
9196
9196
9196
9196
9195
9195
9195
9193
9193
9192
9192
9186
9184
9184
9183
9182
9181
9181
9180
9179
9175
9174
9174
9173
9170
9170
9169
9169
9167
9166
9165
9165
9165
9164
9164
9162
9159
9157
9157
9155
9149
9148
9148
9147
9142
9142
9141
9141
9139
9139
9139
9138
9137
9137
9135
9134
9133
9133
9132
9132
9132
9130
9130
9129
9129
9129
9125
9124
9123
9123
9121
9121
9120
9120
9119
9119
9119
9117
9116
9116
9115
9114
9113
9112
9112
9112
9111
9111
9110
9108
9107
9106
9105
9105
9103
9103
9103
9102
9101
9101
9101
9101
9101
9100
9100
9099
9098
9098
9096
9095
9095
9094
9092
9092
9092
9091
9090
9090
9089
9089
9088
9088
9087
9085
9085
9085
9085
9084
9083
9082
9079
9078
9078
9078
9077
9077
9076
9071
9071
9070
9065
9064
9063
9062
9061
9060
9060
9059
9058
9055
9055
9054
9053
9053
9053
9053
9051
9051
9051
9050
9049
9048
9048
9047
9046
9046
9045
9044
9042
9041
9041
9041
9040
9040
9039
9039
9038
9037
9036
9035
9035
9034
9032
9030
9028
9028
9026
9026
9025
9024
9024
9023
9022
9020
9019
9019
9019
9018
9018
9014
9013
9013
9012
9012
9012
9011
9010
9010
9007
9006
9005
9005
9004
9004
9003
9002
9001
8999
8998
8997
8996
8995
8994
8994
8992
8991
8989
8986
8986
8984
8984
8984
8981
8979
8977
8974
8974
8972
8971
8971
8968
8967
8966
8966
8966
8965
8965
8964
8963
8962
8960
8959
8958
8956
8954
8953
8952
8952
8951
8949
8949
8949
8949
8948
8947
8945
8945
8945
8944
8944
8944
8942
8942
8941
8941
8941
8941
8938
8937
8936
8933
8931
8930
8929
8929
8929
8929
8929
8928
8928
8927
8926
8924
8923
8923
8923
8921
8920
8920
8920
8920
8919
8918
8917
8915
8915
8915
8914
8914
8913
8913
8910
8910
8908
8908
8908
8908
8907
8905
8904
8903
8901
8900
8898
8897
8897
8896
8896
8891
8890
8888
8888
8887
8887
8886
8885
8885
8883
8882
8880
8879
8878
8878
8877
8876
8876
8874
8873
8872
8872
8872
8870
8869
8868
8867
8866
8865
8865
8864
8862
8862
8861
8861
8858
8857
8856
8853
8853
8851
8850
8848
8847
8845
8845
8844
8843
8843
8843
8842
8841
8840
8840
8840
8838
8837
8837
8836
8834
8833
8833
8833
8833
8832
8832
8831
8829
8828
8827
8826
8826
8825
8825
8825
8824
8824
8823
8818
8817
8815
8815
8815
8814
8813
8813
8811
8810
8808
8807
8806
8806
8805
8804
8804
8804
8801
8801
8800
8800
8799
8795
8793
8792
8791
8791
8789
8783
8781
8781
8781
8779
8779
8779
8779
8778
8776
8776
8775
8772
8772
8767
8766
8764
8763
8763
8762
8759
8758
8758
8758
8757
8756
8756
8756
8755
8754
8752
8751
8751
8751
8749
8748
8747
8745
8744
8743
8742
8740
8738
8737
8735
8730
8730
8730
8729
8728
8727
8727
8727
8727
8726
8725
8725
8725
8725
8724
8722
8722
8721
8720
8719
8719
8719
8718
8717
8717
8717
8716
8715
8714
8713
8712
8712
8711
8710
8710
8710
8710
8709
8708
8707
8704
8702
8701
8701
8700
8699
8699
8699
8697
8697
8697
8696
8695
8695
8694
8693
8692
8692
8691
8689
8684
8684
8683
8682
8681
8680
8680
8679
8676
8676
8675
8675
8674
8673
8670
8670
8669
8669
8668
8662
8661
8660
8658
8657
8656
8655
8655
8654
8653
8653
8653
8652
8651
8651
8648
8648
8647
8646
8646
8645
8644
8644
8643
8641
8641
8640
8638
8637
8637
8636
8636
8635
8631
8630
8630
8629
8629
8628
8627
8626
8626
8626
8624
8623
8621
8621
8620
8620
8619
8619
8619
8618
8617
8617
8615
8615
8614
8611
8610
8610
8607
8606
8605
8603
8602
8602
8601
8600
8599
8599
8599
8599
8598
8598
8598
8597
8597
8596
8595
8593
8592
8590
8588
8587
8587
8586
8586
8585
8581
8581
8581
8580
8579
8579
8577
8577
8577
8576
8575
8574
8574
8570
8570
8569
8569
8568
8568
8568
8566
8565
8565
8565
8564
8563
8562
8562
8561
8561
8560
8559
8559
8559
8559
8558
8557
8557
8554
8553
8549
8549
8547
8547
8547
8546
8545
8544
8542
8540
8540
8539
8539
8539
8537
8534
8533
8531
8527
8526
8523
8523
8520
8515
8515
8514
8514
8512
8512
8511
8510
8510
8506
8505
8504
8504
8499
8499
8498
8497
8497
8497
8496
8496
8495
8494
8492
8492
8491
8487
8486
8486
8485
8485
8484
8484
8482
8481
8481
8480
8479
8479
8478
8478
8477
8477
8476
8475
8474
8473
8473
8472
8471
8470
8468
8468
8467
8467
8466
8465
8465
8463
8463
8462
8459
8458
8458
8458
8458
8458
8458
8457
8455
8454
8454
8454
8452
8451
8450
8450
8448
8447
8447
8446
8446
8446
8443
8442
8441
8441
8439
8439
8437
8436
8435
8435
8433
8432
8432
8431
8430
8428
8426
8424
8424
8423
8420
8420
8419
8419
8419
8419
8418
8416
8413
8410
8407
8404
8401
8399
8399
8398
8395
8393
8392
8392
8389
8388
8388
8388
8387
8386
8386
8386
8385
8382
8382
8381
8381
8380
8379
8378
8378
8377
8377
8377
8376
8376
8375
8375
8374
8374
8373
8372
8372
8371
8371
8371
8371
8370
8366
8365
8364
8363
8360
8360
8358
8357
8357
8356
8355
8353
8350
8347
8346
8345
8344
8344
8343
8343
8342
8340
8340
8338
8337
8335
8335
8335
8334
8333
8333
8331
8331
8331
8329
8329
8327
8326
8325
8323
8322
8321
8320
8319
8319
8318
8318
8316
8316
8313
8312
8312
8311
8310
8306
8304
8302
8301
8300
8299
8298
8298
8298
8296
8294
8291
8290
8289
8289
8288
8288
8286
8286
8285
8285
8285
8284
8284
8284
8284
8284
8283
8281
8279
8278
8277
8277
8272
8271
8270
8269
8269
8265
8265
8265
8265
8264
8259
8257
8256
8256
8256
8256
8253
8253
8253
8252
8252
8252
8251
8250
8250
8249
8246
8245
8244
8243
8242
8242
8241
8240
8239
8239
8239
8237
8236
8233
8231
8229
8229
8229
8228
8227
8224
8222
8221
8221
8221
8218
8218
8217
8215
8215
8215
8211
8211
8210
8209
8208
8206
8206
8205
8205
8205
8203
8203
8203
8203
8203
8203
8203
8203
8202
8199
8198
8197
8196
8195
8194
8194
8193
8191
8189
8188
8187
8185
8185
8182
8181
8179
8179
8179
8178
8177
8177
8176
8175
8174
8174
8172
8171
8170
8167
8166
8165
8161
8160
8160
8159
8159
8157
8157
8156
8154
8154
8154
8153
8151
8151
8149
8147
8147
8146
8146
8145
8145
8144
8144
8144
8143
8142
8142
8141
8141
8140
8139
8139
8137
8137
8136
8135
8135
8134
8134
8132
8132
8130
8129
8128
8127
8126
8125
8124
8122
8122
8122
8117
8116
8116
8115
8112
8111
8110
8109
8109
8108
8107
8107
8106
8106
8105
8104
8104
8104
8104
8103
8103
8102
8102
8102
8101
8100
8099
8097
8093
8093
8092
8092
8091
8091
8091
8091
8087
8085
8084
8082
8079
8078
8078
8078
8077
8073
8072
8070
8069
8069
8067
8064
8063
8063
8060
8060
8059
8058
8058
8058
8055
8055
8054
8054
8052
8052
8052
8050
8050
8047
8045
8044
8043
8042
8042
8041
8041
8040
8039
8037
8037
8036
8035
8035
8034
8034
8033
8032
8030
8029
8028
8027
8025
8021
8019
8019
8019
8017
8015
8013
8010
8009
8008
8008
8007
8006
8005
8004
8004
8003
8002
7999
7999
7997
7997
7995
7994
7993
7992
7991
7990
7990
7986
7985
7985
7983
7983
7983
7982
7980
7979
7979
7979
7977
7976
7976
7976
7975
7972
7969
7968
7968
7966
7963
7963
7959
7959
7955
7953
7953
7952
7952
7951
7950
7950
7950
7949
7948
7948
7946
7945
7944
7944
7942
7942
7941
7935
7935
7935
7933
7933
7933
7932
7931
7930
7930
7925
7925
7924
7924
7924
7921
7919
7919
7918
7917
7916
7915
7914
7913
7912
7911
7909
7909
7908
7906
7906
7904
7903
7902
7901
7899
7898
7898
7897
7897
7897
7895
7894
7894
7893
7893
7893
7891
7890
7888
7886
7885
7885
7885
7884
7883
7883
7882
7882
7880
7880
7880
7877
7874
7871
7870
7870
7869
7869
7869
7868
7868
7868
7867
7866
7866
7863
7863
7860
7859
7858
7857
7856
7856
7854
7853
7851
7851
7850
7849
7848
7845
7845
7844
7844
7840
7838
7838
7836
7836
7836
7835
7834
7834
7834
7833
7830
7829
7828
7828
7827
7827
7825
7824
7824
7824
7822
7822
7821
7821
7821
7819
7819
7819
7818
7817
7817
7817
7812
7812
7811
7808
7808
7807
7806
7806
7803
7803
7803
7802
7802
7801
7801
7801
7800
7800
7799
7796
7793
7793
7792
7790
7790
7790
7789
7784
7782
7782
7781
7779
7778
7778
7775
7775
7775
7775
7774
7774
7774
7774
7773
7773
7769
7768
7766
7763
7762
7761
7761
7756
7756
7755
7753
7752
7751
7751
7750
7748
7746
7746
7745
7741
7741
7740
7738
7732
7729
7728
7728
7726
7725
7725
7724
7723
7722
7719
7718
7718
7716
7716
7713
7712
7712
7711
7711
7710
7705
7704
7704
7703
7703
7700
7700
7699
7698
7698
7697
7696
7695
7693
7693
7692
7691
7689
7689
7687
7686
7686
7686
7684
7683
7683
7682
7682
7682
7681
7681
7680
7680
7678
7676
7676
7675
7675
7674
7674
7671
7671
7668
7668
7665
7664
7664
7664
7664
7662
7661
7661
7660
7659
7659
7656
7655
7654
7654
7654
7654
7653
7652
7652
7651
7651
7651
7649
7645
7644
7643
7642
7640
7639
7639
7637
7635
7633
7630
7628
7625
7624
7624
7622
7621
7619
7617
7614
7614
7612
7611
7610
7610
7610
7609
7609
7607
7606
7606
7606
7605
7604
7603
7603
7602
7601
7600
7592
7592
7590
7590
7589
7589
7588
7586
7585
7583
7582
7582
7582
7581
7580
7578
7578
7577
7576
7575
7575
7574
7573
7572
7572
7570
7570
7568
7565
7564
7561
7560
7559
7559
7559
7557
7556
7556
7555
7554
7554
7554
7553
7553
7552
7548
7548
7546
7544
7543
7543
7543
7542
7541
7541
7539
7539
7539
7538
7538
7538
7538
7537
7537
7537
7536
7536
7535
7535
7535
7534
7533
7532
7531
7530
7529
7529
7528
7526
7526
7525
7518
7517
7517
7516
7514
7513
7509
7505
7504
7503
7498
7498
7497
7495
7494
7493
7492
7490
7490
7488
7487
7486
7485
7485
7484
7484
7484
7483
7482
7481
7481
7480
7480
7478
7478
7478
7477
7477
7475
7475
7475
7474
7471
7471
7469
7468
7468
7467
7465
7463
7461
7460
7459
7458
7457
7450
7449
7449
7447
7446
7446
7446
7446
7446
7444
7443
7443
7442
7441
7441
7441
7439
7438
7437
7436
7432
7430
7429
7426
7426
7424
7423
7422
7421
7421
7420
7420
7418
7418
7417
7417
7417
7417
7416
7415
7415
7412
7410
7410
7409
7409
7409
7408
7407
7404
7401
7399
7399
7396
7395
7393
7393
7392
7390
7388
7388
7387
7386
7386
7386
7383
7383
7383
7382
7379
7378
7377
7376
7376
7376
7374
7373
7373
7372
7372
7371
7371
7371
7369
7368
7367
7365
7365
7365
7365
7364
7363
7363
7362
7361
7360
7360
7359
7357
7357
7356
7355
7353
7353
7350
7345
7345
7345
7344
7342
7341
7340
7339
7338
7336
7336
7335
7334
7333
7333
7332
7331
7330
7328
7328
7326
7324
7324
7323
7321
7319
7319
7318
7318
7317
7316
7315
7313
7313
7311
7310
7309
7307
7307
7305
7304
7304
7303
7303
7303
7303
7300
7295
7295
7294
7294
7293
7292
7290
7290
7290
7289
7289
7287
7286
7286
7286
7285
7284
7281
7280
7279
7278
7278
7278
7277
7277
7276
7273
7270
7267
7267
7266
7266
7265
7264
7264
7261
7261
7260
7260
7259
7259
7257
7256
7256
7255
7254
7247
7246
7246
7244
7243
7241
7241
7240
7238
7237
7237
7237
7236
7235
7230
7229
7229
7229
7228
7228
7225
7225
7223
7223
7222
7220
7220
7219
7218
7217
7217
7216
7216
7216
7216
7213
7213
7213
7213
7212
7211
7211
7211
7210
7209
7205
7205
7202
7201
7200
7200
7200
7199
7198
7198
7198
7197
7195
7193
7193
7192
7189
7187
7187
7186
7186
7185
7185
7183
7183
7182
7179
7179
7179
7178
7178
7177
7176
7166
7164
7161
7161
7160
7159
7158
7157
7156
7155
7154
7154
7153
7151
7150
7149
7149
7148
7148
7147
7146
7146
7146
7145
7144
7141
7139
7138
7138
7138
7137
7135
7134
7134
7132
7132
7131
7130
7130
7129
7129
7129
7127
7127
7127
7126
7124
7124
7123
7123
7122
7121
7120
7119
7114
7113
7112
7107
7105
7104
7104
7102
7102
7100
7100
7091
7089
7087
7087
7086
7084
7082
7082
7080
7080
7075
7074
7072
7072
7072
7072
7070
7067
7064
7061
7060
7058
7058
7053
7051
7050
7049
7048
7047
7047
7046
7046
7046
7045
7043
7043
7042
7041
7036
7034
7034
7029
7028
7027
7025
7024
7023
7023
7023
7021
7020
7018
7017
7017
7014
7013
7012
7010
7010
7009
7009
7009
7008
7008
7007
7006
7006
7006
7006
7005
7004
7004
7003
7003
7002
6999
6998
6998
6997
6996
6995
6994
6993
6992
6991
6990
6990
6988
6987
6987
6987
6987
6984
6982
6981
6981
6980
6980
6979
6979
6978
6977
6976
6976
6976
6975
6975
6974
6974
6973
6973
6972
6972
6971
6971
6968
6967
6965
6965
6964
6962
6962
6961
6961
6960
6958
6956
6954
6953
6953
6952
6950
6949
6949
6948
6947
6942
6942
6942
6940
6940
6936
6935
6934
6932
6931
6931
6930
6928
6927
6923
6921
6921
6920
6920
6918
6918
6917
6915
6914
6913
6913
6909
6907
6906
6904
6904
6903
6901
6901
6898
6898
6897
6897
6893
6893
6892
6890
6890
6890
6888
6887
6886
6885
6885
6884
6884
6882
6882
6881
6879
6878
6878
6877
6877
6876
6876
6876
6875
6875
6872
6872
6870
6869
6868
6867
6865
6862
6862
6861
6860
6859
6858
6857
6856
6855
6853
6853
6853
6852
6851
6850
6850
6850
6850
6850
6847
6845
6845
6843
6840
6839
6839
6839
6839
6839
6839
6839
6836
6835
6834
6833
6830
6830
6830
6829
6828
6827
6821
6821
6820
6820
6818
6816
6815
6813
6810
6810
6810
6810
6809
6808
6808
6808
6808
6807
6807
6806
6805
6805
6805
6804
6803
6803
6802
6802
6801
6801
6798
6798
6795
6794
6793
6789
6789
6787
6786
6785
6785
6785
6783
6782
6781
6780
6777
6776
6771
6768
6768
6767
6767
6765
6764
6762
6762
6761
6761
6761
6761
6761
6760
6760
6759
6759
6758
6758
6758
6757
6757
6756
6755
6755
6754
6754
6754
6752
6751
6751
6748
6747
6747
6746
6744
6743
6741
6739
6738
6738
6738
6737
6737
6737
6736
6736
6733
6732
6732
6732
6731
6731
6727
6727
6726
6726
6726
6725
6725
6724
6722
6721
6720
6720
6719
6716
6716
6715
6714
6714
6710
6710
6709
6707
6707
6706
6705
6703
6702
6702
6701
6700
6700
6699
6698
6694
6692
6691
6690
6690
6689
6686
6685
6684
6682
6679
6677
6677
6675
6673
6671
6671
6670
6670
6667
6666
6663
6663
6663
6662
6657
6657
6657
6656
6656
6653
6651
6650
6650
6648
6646
6646
6646
6645
6644
6644
6642
6641
6641
6640
6639
6639
6638
6637
6637
6636
6636
6636
6635
6634
6631
6630
6627
6623
6623
6623
6623
6620
6618
6618
6617
6616
6615
6615
6614
6613
6613
6611
6611
6611
6610
6610
6609
6607
6607
6606
6605
6602
6602
6601
6601
6600
6599
6598
6596
6596
6596
6594
6594
6593
6592
6592
6590
6590
6589
6585
6584
6584
6584
6582
6580
6577
6574
6574
6573
6572
6571
6571
6569
6569
6568
6568
6567
6567
6567
6567
6566
6565
6563
6562
6561
6561
6557
6556
6555
6555
6554
6553
6552
6552
6550
6550
6550
6548
6548
6547
6545
6544
6543
6543
6543
6543
6539
6538
6536
6534
6534
6534
6532
6531
6531
6529
6528
6528
6528
6527
6524
6523
6521
6520
6519
6518
6518
6517
6516
6515
6514
6514
6513
6511
6509
6509
6508
6506
6504
6503
6503
6502
6502
6502
6502
6502
6501
6501
6497
6497
6497
6493
6493
6493
6491
6491
6488
6486
6484
6484
6484
6484
6480
6479
6479
6477
6477
6477
6476
6476
6475
6471
6471
6471
6471
6470
6470
6470
6469
6469
6467
6467
6466
6465
6465
6465
6462
6461
6461
6461
6459
6459
6458
6458
6457
6456
6454
6454
6453
6451
6451
6451
6450
6450
6449
6446
6445
6444
6444
6441
6441
6439
6435
6433
6432
6430
6430
6425
6425
6423
6419
6419
6416
6416
6414
6413
6412
6410
6410
6409
6408
6404
6402
6402
6401
6401
6399
6399
6397
6397
6397
6396
6395
6395
6393
6391
6390
6386
6385
6385
6384
6383
6379
6379
6379
6379
6377
6377
6375
6374
6371
6370
6370
6370
6369
6367
6367
6367
6364
6363
6362
6362
6359
6358
6357
6356
6356
6356
6355
6355
6355
6354
6353
6353
6353
6352
6351
6350
6350
6350
6347
6346
6344
6341
6340
6335
6335
6334
6334
6334
6332
6330
6330
6330
6328
6327
6327
6327
6324
6320
6319
6318
6317
6316
6315
6315
6314
6313
6313
6312
6310
6309
6309
6308
6308
6308
6307
6305
6303
6302
6300
6300
6297
6295
6295
6294
6292
6291
6291
6291
6291
6289
6289
6289
6288
6287
6287
6286
6285
6285
6282
6281
6280
6279
6279
6278
6277
6277
6277
6276
6274
6273
6273
6272
6272
6270
6269
6268
6268
6267
6267
6266
6266
6265
6264
6264
6263
6261
6260
6260
6259
6259
6258
6256
6256
6256
6255
6252
6251
6251
6249
6249
6248
6248
6243
6239
6237
6236
6236
6236
6235
6235
6235
6234
6234
6233
6232
6232
6230
6230
6229
6228
6224
6224
6224
6223
6221
6219
6219
6218
6217
6215
6213
6213
6211
6209
6206
6206
6205
6205
6205
6202
6201
6199
6199
6198
6197
6197
6194
6192
6189
6188
6186
6184
6184
6181
6180
6179
6179
6177
6177
6176
6176
6174
6172
6171
6170
6170
6170
6170
6165
6164
6163
6163
6162
6159
6159
6159
6158
6157
6157
6155
6155
6155
6154
6152
6150
6148
6147
6146
6146
6145
6142
6142
6141
6139
6138
6138
6135
6135
6134
6133
6132
6131
6130
6130
6130
6129
6128
6127
6127
6126
6125
6123
6121
6121
6118
6118
6118
6116
6116
6114
6113
6112
6112
6111
6111
6110
6110
6109
6108
6108
6106
6105
6105
6104
6103
6103
6103
6099
6099
6095
6092
6092
6090
6089
6088
6088
6086
6086
6086
6084
6082
6081
6080
6080
6080
6079
6077
6076
6076
6076
6075
6075
6074
6074
6074
6074
6073
6072
6069
6069
6067
6065
6065
6065
6064
6064
6064
6063
6063
6062
6062
6062
6061
6061
6061
6061
6061
6061
6058
6057
6055
6055
6055
6055
6054
6054
6051
6050
6049
6048
6045
6045
6045
6038
6038
6037
6036
6034
6034
6032
6031
6031
6029
6024
6024
6023
6021
6021
6020
6020
6019
6019
6018
6016
6014
6014
6012
6012
6012
6012
6012
6011
6009
6008
6007
6006
6006
6005
6004
6003
6002
6001
6000
5999
5998
5996
5995
5994
5994
5994
5993
5991
5989
5988
5988
5986
5984
5984
5983
5983
5982
5982
5980
5979
5978
5976
5975
5973
5972
5971
5969
5969
5969
5968
5968
5967
5966
5963
5963
5963
5963
5963
5963
5962
5961
5961
5958
5956
5956
5955
5954
5953
5952
5952
5952
5951
5951
5949
5949
5947
5947
5946
5944
5944
5943
5943
5943
5942
5941
5937
5937
5937
5937
5937
5937
5936
5936
5933
5932
5931
5931
5930
5930
5929
5927
5925
5923
5922
5921
5919
5918
5917
5917
5917
5914
5914
5914
5914
5913
5912
5912
5911
5911
5909
5909
5909
5909
5908
5906
5904
5903
5899
5899
5897
5897
5895
5894
5893
5892
5892
5891
5890
5890
5889
5886
5886
5885
5884
5884
5884
5882
5881
5881
5878
5877
5876
5875
5875
5875
5875
5873
5873
5873
5872
5871
5870
5870
5869
5869
5868
5868
5867
5867
5865
5865
5864
5864
5863
5863
5862
5862
5861
5861
5860
5859
5858
5857
5857
5856
5856
5856
5856
5855
5852
5852
5852
5850
5849
5848
5848
5846
5846
5845
5844
5843
5843
5842
5841
5841
5840
5840
5839
5838
5836
5836
5836
5835
5834
5833
5831
5831
5829
5828
5827
5822
5822
5822
5821
5821
5820
5820
5820
5819
5818
5816
5815
5814
5811
5811
5810
5807
5806
5806
5804
5804
5802
5799
5798
5797
5797
5796
5793
5793
5793
5791
5790
5789
5788
5788
5787
5787
5786
5784
5784
5782
5781
5779
5778
5778
5777
5776
5775
5775
5770
5769
5768
5768
5766
5764
5763
5762
5761
5761
5760
5759
5759
5759
5758
5757
5757
5757
5757
5756
5756
5755
5752
5752
5752
5749
5748
5748
5748
5747
5746
5744
5744
5738
5738
5736
5735
5735
5733
5732
5730
5730
5729
5728
5728
5727
5727
5726
5725
5724
5723
5723
5722
5718
5718
5717
5717
5716
5715
5715
5711
5710
5708
5708
5708
5707
5706
5705
5703
5702
5702
5701
5700
5700
5699
5698
5698
5698
5697
5696
5696
5695
5695
5695
5695
5693
5691
5689
5689
5689
5687
5687
5686
5685
5685
5683
5682
5681
5680
5680
5679
5678
5677
5677
5676
5676
5673
5672
5672
5672
5671
5670
5668
5666
5662
5661
5661
5661
5660
5660
5657
5657
5656
5656
5656
5655
5655
5654
5652
5651
5651
5651
5651
5650
5650
5649
5648
5647
5645
5644
5642
5641
5636
5632
5632
5631
5628
5627
5625
5625
5624
5624
5624
5622
5622
5619
5617
5617
5616
5615
5614
5614
5614
5611
5609
5608
5608
5608
5606
5605
5605
5604
5604
5604
5602
5601
5601
5599
5598
5597
5596
5595
5593
5588
5587
5581
5580
5580
5580
5578
5578
5577
5575
5574
5573
5570
5569
5569
5568
5568
5567
5566
5565
5565
5564
5563
5562
5562
5560
5558
5558
5558
5556
5556
5556
5555
5554
5554
5552
5550
5545
5544
5541
5541
5537
5536
5534
5533
5532
5532
5530
5530
5530
5529
5528
5527
5525
5524
5523
5522
5520
5520
5519
5518
5517
5516
5515
5512
5512
5511
5509
5508
5508
5506
5504
5504
5504
5502
5500
5500
5500
5499
5499
5499
5498
5498
5496
5496
5496
5494
5494
5492
5491
5490
5488
5487
5485
5482
5482
5480
5480
5478
5477
5471
5471
5471
5471
5469
5468
5467
5467
5466
5466
5465
5465
5464
5464
5463
5463
5463
5462
5462
5461
5460
5460
5459
5458
5458
5457
5457
5457
5456
5456
5456
5455
5455
5454
5454
5454
5453
5453
5452
5452
5451
5450
5450
5449
5449
5449
5448
5447
5445
5445
5445
5444
5443
5442
5442
5440
5440
5432
5432
5432
5431
5428
5427
5425
5425
5424
5422
5421
5419
5419
5418
5418
5417
5417
5416
5415
5414
5414
5413
5413
5412
5412
5411
5411
5410
5409
5409
5407
5407
5404
5404
5403
5403
5402
5402
5396
5396
5395
5394
5394
5393
5393
5392
5391
5390
5390
5389
5389
5389
5388
5388
5387
5386
5384
5383
5383
5381
5380
5379
5379
5377
5376
5375
5375
5371
5370
5370
5369
5369
5367
5366
5366
5365
5363
5360
5360
5359
5359
5358
5356
5355
5355
5355
5355
5351
5350
5348
5346
5345
5344
5342
5341
5339
5338
5337
5333
5333
5330
5330
5329
5329
5329
5328
5328
5328
5327
5327
5324
5323
5321
5319
5317
5317
5317
5316
5316
5315
5314
5311
5310
5310
5310
5309
5308
5306
5305
5301
5300
5300
5299
5298
5297
5296
5295
5294
5294
5293
5292
5291
5291
5291
5291
5289
5287
5287
5286
5285
5285
5284
5283
5283
5283
5282
5281
5280
5280
5280
5279
5279
5278
5277
5277
5277
5276
5276
5276
5274
5269
5269
5267
5267
5266
5266
5265
5264
5261
5260
5260
5260
5259
5258
5258
5256
5256
5255
5254
5254
5254
5252
5252
5249
5249
5248
5248
5248
5247
5247
5246
5246
5244
5244
5243
5240
5240
5236
5235
5234
5232
5231
5231
5229
5225
5225
5224
5223
5223
5223
5222
5222
5222
5221
5221
5220
5220
5220
5218
5218
5218
5218
5217
5216
5216
5214
5212
5209
5209
5207
5207
5207
5205
5204
5203
5202
5202
5202
5201
5201
5199
5198
5198
5197
5195
5195
5195
5194
5192
5186
5186
5186
5182
5181
5180
5179
5179
5179
5179
5179
5178
5177
5175
5174
5174
5173
5173
5172
5170
5170
5169
5169
5168
5168
5167
5166
5163
5162
5161
5160
5160
5158
5158
5158
5157
5155
5149
5148
5148
5147
5147
5146
5146
5144
5143
5142
5140
5139
5139
5138
5135
5135
5135
5134
5134
5133
5131
5129
5125
5124
5123
5123
5122
5120
5118
5117
5117
5116
5113
5110
5110
5109
5109
5109
5106
5106
5105
5104
5101
5101
5101
5099
5096
5094
5093
5091
5090
5089
5088
5087
5087
5086
5085
5084
5083
5078
5078
5077
5077
5077
5073
5073
5072
5071
5069
5068
5068
5067
5066
5066
5065
5064
5062
5062
5061
5061
5057
5057
5056
5056
5056
5055
5054
5053
5053
5052
5052
5052
5052
5051
5051
5049
5049
5047
5046
5045
5045
5044
5044
5044
5044
5040
5040
5039
5034
5034
5033
5031
5027
5027
5026
5026
5026
5025
5025
5024
5024
5024
5024
5023
5023
5022
5022
5021
5020
5020
5020
5018
5018
5017
5016
5016
5015
5014
5014
5014
5013
5012
5011
5008
5007
5006
5005
5002
5001
5001
5000
4999
4998
4997
4997
4995
4995
4995
4992
4992
4991
4990
4989
4989
4988
4986
4986
4986
4984
4983
4983
4981
4980
4980
4980
4980
4979
4978
4978
4978
4977
4975
4972
4972
4972
4969
4968
4968
4968
4967
4967
4966
4966
4966
4965
4964
4961
4961
4960
4958
4958
4955
4955
4954
4951
4949
4949
4949
4948
4948
4946
4945
4944
4942
4941
4940
4940
4939
4939
4937
4935
4934
4933
4932
4932
4931
4930
4928
4927
4927
4922
4922
4920
4920
4919
4919
4918
4917
4914
4910
4909
4907
4907
4905
4905
4905
4904
4900
4900
4899
4896
4895
4893
4892
4892
4890
4889
4889
4887
4885
4884
4883
4883
4882
4881
4881
4880
4878
4878
4878
4876
4876
4876
4875
4874
4874
4873
4872
4872
4871
4866
4864
4864
4864
4864
4862
4861
4861
4861
4860
4860
4860
4854
4852
4851
4851
4847
4846
4844
4841
4840
4839
4838
4837
4836
4835
4835
4835
4829
4829
4827
4827
4825
4823
4822
4821
4819
4818
4817
4817
4817
4815
4815
4815
4812
4812
4811
4809
4809
4809
4805
4804
4804
4803
4802
4801
4801
4800
4800
4799
4798
4797
4797
4797
4796
4795
4794
4792
4792
4791
4788
4787
4786
4786
4784
4784
4781
4780
4780
4779
4778
4777
4777
4776
4776
4774
4773
4771
4769
4768
4768
4768
4767
4767
4767
4766
4765
4764
4764
4763
4763
4762
4761
4761
4761
4760
4760
4759
4758
4758
4755
4754
4754
4753
4753
4749
4748
4748
4748
4747
4747
4747
4746
4744
4743
4741
4738
4737
4736
4735
4733
4733
4733
4732
4731
4731
4729
4728
4727
4726
4726
4725
4725
4725
4724
4724
4723
4720
4719
4718
4717
4715
4714
4714
4713
4713
4713
4712
4709
4709
4708
4707
4706
4705
4703
4701
4698
4698
4697
4697
4696
4695
4695
4692
4692
4692
4691
4691
4689
4688
4687
4683
4683
4683
4680
4680
4677
4675
4674
4669
4668
4666
4666
4664
4662
4660
4659
4658
4657
4656
4655
4655
4653
4653
4653
4651
4651
4651
4647
4646
4643
4641
4641
4641
4641
4638
4638
4638
4636
4636
4635
4634
4633
4632
4630
4630
4629
4627
4626
4625
4624
4623
4623
4621
4620
4620
4620
4620
4618
4615
4614
4611
4611
4610
4609
4609
4609
4608
4608
4607
4601
4600
4597
4596
4595
4594
4593
4592
4590
4589
4588
4588
4587
4585
4583
4582
4580
4580
4579
4578
4578
4578
4578
4577
4573
4573
4572
4572
4572
4569
4567
4566
4565
4565
4563
4562
4561
4560
4559
4559
4556
4556
4556
4556
4555
4555
4555
4555
4554
4554
4553
4553
4552
4552
4552
4549
4546
4546
4546
4544
4543
4542
4541
4540
4540
4539
4538
4537
4537
4537
4537
4536
4535
4534
4534
4531
4531
4531
4530
4529
4528
4526
4526
4526
4526
4526
4525
4525
4525
4523
4523
4522
4522
4522
4522
4520
4517
4516
4515
4515
4515
4514
4514
4512
4511
4511
4510
4509
4509
4508
4508
4508
4508
4504
4502
4500
4499
4499
4499
4496
4495
4493
4493
4493
4492
4492
4491
4489
4489
4488
4488
4488
4488
4487
4487
4486
4486
4485
4485
4484
4483
4482
4482
4482
4482
4481
4480
4477
4477
4477
4476
4475
4473
4472
4471
4469
4469
4469
4468
4464
4463
4462
4462
4462
4461
4461
4460
4459
4459
4459
4458
4458
4453
4452
4451
4451
4450
4449
4448
4448
4447
4447
4444
4443
4443
4442
4441
4441
4439
4436
4436
4436
4433
4433
4432
4431
4429
4429
4429
4428
4427
4427
4426
4426
4424
4424
4423
4423
4421
4421
4421
4421
4420
4416
4416
4416
4412
4412
4412
4410
4410
4407
4405
4405
4405
4404
4402
4401
4401
4401
4399
4395
4394
4391
4390
4389
4387
4387
4386
4386
4386
4385
4385
4384
4383
4381
4381
4380
4379
4379
4376
4374
4367
4365
4365
4365
4364
4362
4361
4358
4358
4356
4354
4353
4352
4349
4349
4342
4341
4339
4339
4337
4337
4337
4336
4336
4335
4334
4331
4331
4331
4329
4328
4328
4328
4325
4325
4324
4324
4323
4323
4321
4320
4320
4320
4319
4318
4317
4317
4317
4316
4314
4314
4313
4313
4312
4312
4312
4310
4306
4305
4305
4304
4304
4303
4300
4300
4299
4298
4297
4297
4295
4292
4292
4291
4290
4289
4288
4287
4286
4283
4283
4281
4278
4276
4276
4274
4273
4271
4271
4271
4270
4270
4269
4268
4267
4267
4266
4265
4264
4264
4263
4262
4260
4260
4260
4259
4259
4259
4254
4253
4249
4246
4242
4241
4240
4240
4240
4239
4237
4237
4237
4236
4236
4232
4231
4229
4228
4228
4227
4226
4221
4221
4219
4219
4216
4215
4215
4213
4211
4210
4210
4210
4209
4209
4208
4207
4207
4206
4206
4206
4206
4206
4204
4203
4201
4201
4200
4197
4195
4192
4190
4190
4190
4189
4189
4189
4189
4189
4189
4189
4189
4186
4185
4183
4183
4182
4182
4182
4181
4181
4180
4180
4179
4179
4179
4178
4176
4176
4175
4173
4172
4171
4171
4167
4166
4165
4165
4165
4164
4162
4161
4160
4160
4157
4156
4156
4156
4155
4155
4155
4153
4152
4151
4151
4149
4149
4147
4147
4146
4146
4146
4143
4143
4142
4141
4141
4140
4138
4138
4136
4135
4135
4135
4134
4132
4131
4129
4128
4125
4123
4123
4122
4122
4120
4118
4118
4114
4112
4111
4110
4110
4108
4108
4107
4106
4106
4105
4104
4103
4102
4101
4100
4099
4099
4099
4093
4090
4090
4089
4087
4086
4082
4080
4078
4077
4077
4075
4075
4074
4074
4072
4071
4069
4068
4068
4068
4065
4063
4063
4063
4062
4061
4061
4059
4058
4057
4056
4056
4054
4054
4054
4053
4051
4051
4050
4048
4048
4048
4047
4047
4045
4043
4042
4042
4042
4041
4040
4039
4039
4038
4037
4036
4031
4030
4030
4029
4028
4027
4024
4023
4023
4022
4021
4018
4017
4016
4014
4014
4014
4012
4011
4009
4009
4008
4007
4007
4006
4005
4004
4002
4001
3997
3996
3993
3992
3992
3991
3990
3990
3988
3987
3987
3987
3985
3983
3983
3983
3978
3978
3977
3977
3976
3976
3973
3973
3973
3973
3972
3972
3971
3970
3969
3969
3966
3964
3963
3963
3959
3957
3955
3955
3955
3954
3952
3951
3950
3948
3945
3945
3945
3945
3944
3941
3941
3938
3937
3937
3936
3933
3933
3932
3932
3931
3931
3931
3931
3930
3928
3928
3927
3927
3923
3920
3917
3917
3916
3914
3914
3913
3913
3913
3913
3912
3912
3911
3911
3910
3910
3910
3910
3909
3909
3909
3908
3908
3907
3905
3901
3900
3900
3898
3898
3897
3897
3893
3893
3888
3888
3887
3885
3885
3884
3884
3883
3882
3879
3879
3878
3877
3876
3875
3874
3874
3872
3867
3867
3867
3866
3866
3866
3866
3865
3864
3864
3862
3862
3861
3861
3860
3860
3857
3857
3857
3856
3856
3855
3854
3854
3854
3854
3853
3853
3852
3852
3852
3852
3851
3850
3850
3849
3848
3847
3847
3847
3846
3845
3845
3844
3844
3843
3842
3842
3842
3841
3841
3840
3839
3837
3837
3836
3836
3836
3835
3835
3834
3832
3832
3831
3829
3828
3826
3825
3824
3824
3820
3820
3819
3818
3816
3816
3814
3814
3814
3813
3813
3812
3812
3810
3810
3810
3809
3808
3807
3806
3806
3804
3803
3803
3802
3802
3800
3797
3797
3795
3795
3793
3793
3789
3788
3787
3787
3781
3779
3779
3778
3778
3778
3776
3775
3775
3773
3771
3771
3769
3766
3766
3765
3765
3765
3765
3764
3764
3764
3762
3760
3758
3758
3756
3755
3754
3752
3751
3751
3750
3749
3749
3748
3748
3748
3748
3746
3741
3741
3739
3739
3739
3739
3738
3735
3735
3735
3734
3733
3733
3732
3731
3731
3730
3730
3728
3727
3726
3726
3725
3724
3723
3722
3722
3720
3720
3720
3720
3719
3718
3718
3717
3717
3716
3715
3714
3714
3712
3712
3710
3709
3708
3708
3706
3704
3702
3701
3700
3697
3694
3693
3693
3691
3690
3690
3689
3689
3688
3688
3687
3686
3685
3685
3683
3681
3680
3679
3679
3679
3676
3671
3671
3668
3668
3667
3666
3665
3662
3662
3661
3661
3660
3658
3657
3657
3656
3655
3652
3649
3649
3649
3647
3647
3647
3644
3643
3643
3641
3640
3637
3637
3636
3633
3633
3633
3633
3633
3632
3630
3629
3628
3627
3627
3625
3625
3624
3621
3621
3620
3617
3615
3610
3608
3608
3607
3607
3607
3607
3607
3606
3602
3600
3600
3599
3598
3597
3596
3596
3596
3594
3594
3593
3593
3593
3592
3590
3590
3589
3587
3587
3586
3585
3584
3581
3580
3577
3576
3575
3572
3571
3571
3569
3568
3567
3563
3555
3554
3552
3551
3550
3549
3547
3545
3544
3543
3543
3542
3540
3540
3540
3539
3539
3538
3537
3534
3534
3533
3532
3532
3530
3530
3526
3526
3524
3522
3522
3522
3518
3518
3517
3517
3516
3515
3514
3513
3512
3511
3511
3511
3511
3510
3509
3509
3508
3507
3506
3506
3506
3505
3505
3504
3503
3503
3502
3499
3499
3495
3495
3493
3491
3488
3488
3488
3485
3485
3484
3483
3483
3482
3481
3479
3478
3478
3477
3477
3476
3474
3471
3471
3471
3467
3465
3464
3464
3462
3461
3460
3459
3458
3457
3457
3456
3455
3452
3450
3449
3448
3446
3445
3443
3441
3441
3441
3440
3437
3437
3432
3431
3430
3429
3429
3429
3426
3426
3425
3424
3421
3421
3420
3419
3419
3419
3417
3417
3417
3412
3412
3411
3411
3410
3410
3410
3409
3409
3409
3408
3408
3407
3406
3405
3405
3404
3404
3404
3402
3402
3400
3399
3399
3399
3398
3396
3396
3395
3395
3395
3394
3394
3393
3391
3387
3387
3386
3386
3384
3383
3382
3382
3380
3379
3378
3378
3377
3377
3377
3376
3374
3368
3367
3367
3366
3364
3363
3362
3360
3358
3357
3357
3355
3354
3354
3354
3352
3352
3350
3350
3349
3348
3347
3346
3346
3343
3342
3341
3341
3340
3339
3339
3339
3338
3338
3337
3332
3332
3331
3330
3326
3326
3323
3322
3322
3322
3321
3320
3318
3314
3314
3311
3308
3308
3308
3306
3304
3303
3303
3302
3302
3302
3301
3299
3299
3298
3298
3296
3296
3294
3293
3290
3290
3290
3290
3290
3289
3288
3287
3286
3286
3286
3284
3282
3281
3281
3280
3280
3280
3279
3279
3271
3271
3271
3271
3271
3269
3269
3269
3268
3267
3267
3266
3266
3266
3266
3264
3264
3263
3263
3263
3261
3261
3261
3260
3260
3260
3257
3257
3256
3256
3255
3253
3253
3252
3252
3251
3250
3249
3249
3249
3248
3246
3244
3244
3244
3243
3242
3241
3241
3241
3241
3240
3239
3235
3235
3233
3231
3230
3228
3228
3228
3227
3227
3226
3225
3224
3224
3220
3218
3217
3214
3214
3211
3210
3208
3207
3207
3203
3203
3203
3201
3200
3200
3198
3198
3197
3194
3194
3194
3193
3193
3191
3191
3190
3188
3186
3186
3185
3185
3184
3184
3184
3184
3183
3183
3182
3181
3178
3176
3176
3172
3172
3170
3169
3168
3166
3165
3165
3165
3165
3162
3161
3160
3159
3159
3156
3156
3156
3154
3153
3153
3152
3152
3151
3149
3147
3147
3144
3143
3142
3142
3141
3138
3137
3135
3134
3133
3133
3132
3131
3131
3130
3130
3130
3128
3125
3124
3122
3121
3121
3120
3120
3119
3119
3119
3117
3116
3116
3115
3113
3110
3107
3107
3107
3106
3105
3105
3103
3101
3100
3098
3096
3095
3095
3095
3094
3094
3094
3093
3093
3092
3090
3090
3090
3089
3088
3088
3086
3085
3085
3084
3084
3082
3082
3080
3079
3077
3077
3077
3077
3076
3076
3076
3073
3073
3073
3073
3071
3071
3069
3068
3066
3066
3066
3064
3064
3064
3064
3063
3063
3062
3061
3061
3060
3060
3059
3059
3058
3057
3056
3054
3054
3051
3051
3050
3049
3049
3049
3049
3049
3049
3048
3047
3046
3045
3045
3043
3042
3041
3040
3039
3039
3039
3039
3038
3038
3037
3036
3035
3034
3033
3032
3032
3032
3031
3029
3027
3027
3026
3024
3024
3023
3023
3022
3021
3021
3020
3019
3018
3015
3015
3015
3013
3013
3012
3012
3009
3009
3009
3008
3008
3006
3006
3005
3005
3005
3004
2999
2998
2994
2994
2992
2992
2991
2991
2990
2990
2990
2990
2989
2988
2985
2984
2984
2983
2983
2980
2979
2979
2978
2976
2974
2974
2973
2973
2973
2972
2972
2972
2972
2970
2967
2966
2966
2965
2964
2963
2963
2963
2963
2963
2961
2960
2960
2959
2959
2959
2958
2958
2956
2953
2949
2949
2948
2945
2943
2942
2942
2941
2940
2940
2939
2939
2938
2938
2936
2934
2933
2932
2932
2930
2930
2927
2926
2926
2925
2925
2924
2922
2921
2921
2919
2919
2919
2917
2916
2914
2913
2913
2913
2912
2909
2907
2905
2905
2904
2904
2900
2898
2897
2896
2895
2895
2892
2891
2890
2889
2889
2888
2888
2887
2887
2886
2886
2885
2885
2883
2883
2882
2878
2878
2876
2874
2872
2869
2869
2868
2868
2866
2864
2863
2861
2861
2860
2860
2859
2858
2858
2855
2854
2854
2854
2853
2853
2853
2853
2852
2852
2851
2850
2849
2849
2847
2847
2847
2843
2841
2837
2836
2836
2834
2833
2831
2830
2830
2829
2828
2828
2826
2823
2823
2822
2822
2821
2819
2819
2818
2814
2812
2811
2811
2807
2806
2804
2803
2802
2801
2801
2800
2800
2799
2795
2794
2793
2793
2791
2790
2790
2790
2789
2788
2787
2787
2787
2786
2785
2784
2781
2780
2780
2779
2779
2779
2777
2777
2776
2775
2773
2772
2772
2769
2768
2767
2766
2766
2766
2763
2763
2761
2760
2759
2759
2758
2757
2757
2756
2755
2755
2754
2754
2754
2753
2753
2751
2751
2750
2750
2749
2748
2748
2747
2747
2745
2744
2741
2741
2739
2738
2737
2737
2737
2734
2733
2732
2731
2731
2731
2729
2726
2725
2724
2723
2722
2722
2718
2716
2716
2715
2714
2713
2713
2713
2713
2713
2713
2712
2711
2711
2710
2706
2702
2698
2695
2695
2694
2694
2693
2690
2687
2687
2682
2680
2678
2678
2678
2676
2676
2672
2672
2671
2671
2671
2667
2666
2666
2664
2662
2662
2661
2661
2659
2658
2655
2655
2655
2655
2653
2653
2651
2651
2650
2646
2644
2644
2643
2643
2642
2641
2639
2639
2634
2634
2634
2633
2633
2633
2629
2627
2626
2626
2625
2625
2622
2622
2621
2621
2621
2619
2617
2617
2616
2615
2614
2614
2611
2610
2607
2607
2605
2605
2605
2604
2599
2599
2598
2596
2596
2595
2594
2593
2592
2591
2591
2589
2589
2588
2585
2585
2584
2584
2583
2583
2582
2581
2580
2580
2580
2579
2578
2578
2578
2577
2576
2576
2575
2574
2573
2572
2571
2570
2570
2570
2569
2567
2566
2564
2563
2562
2562
2562
2561
2561
2561
2561
2561
2559
2559
2557
2555
2554
2554
2554
2553
2552
2551
2551
2551
2549
2548
2548
2547
2546
2546
2546
2545
2543
2542
2542
2541
2540
2539
2535
2535
2534
2534
2534
2533
2530
2530
2528
2528
2527
2526
2526
2525
2522
2522
2520
2519
2519
2518
2518
2517
2516
2515
2513
2512
2511
2511
2511
2511
2510
2510
2508
2508
2508
2507
2506
2506
2503
2501
2501
2501
2497
2495
2495
2494
2493
2492
2491
2490
2490
2489
2488
2487
2487
2486
2483
2482
2482
2480
2479
2479
2478
2476
2476
2476
2475
2473
2471
2467
2464
2462
2461
2460
2460
2457
2455
2455
2455
2453
2453
2452
2452
2452
2450
2449
2448
2448
2447
2446
2445
2445
2439
2437
2437
2436
2436
2435
2435
2435
2434
2432
2431
2430
2429
2428
2426
2426
2423
2422
2421
2420
2419
2419
2417
2416
2416
2414
2413
2412
2411
2408
2407
2406
2406
2405
2405
2404
2404
2403
2402
2400
2400
2399
2397
2396
2396
2393
2393
2393
2392
2391
2390
2389
2387
2385
2379
2377
2376
2375
2374
2372
2370
2370
2367
2366
2363
2363
2362
2362
2360
2359
2358
2355
2353
2353
2352
2351
2350
2349
2346
2345
2343
2342
2342
2341
2340
2338
2337
2336
2335
2334
2331
2331
2329
2328
2328
2327
2326
2326
2325
2324
2324
2323
2323
2320
2319
2319
2319
2319
2317
2316
2315
2315
2314
2314
2313
2313
2313
2311
2310
2310
2306
2305
2305
2304
2303
2301
2301
2301
2300
2298
2298
2295
2295
2294
2294
2290
2289
2289
2288
2288
2287
2286
2285
2281
2280
2278
2278
2278
2277
2275
2275
2272
2271
2271
2269
2267
2267
2265
2263
2260
2260
2259
2258
2256
2255
2252
2251
2251
2248
2247
2246
2245
2245
2244
2244
2243
2242
2242
2242
2241
2240
2240
2240
2239
2239
2238
2237
2237
2236
2236
2235
2234
2234
2234
2233
2232
2232
2231
2230
2228
2228
2225
2225
2223
2222
2222
2218
2218
2218
2217
2216
2216
2215
2214
2211
2210
2208
2208
2206
2206
2205
2203
2199
2198
2197
2195
2194
2192
2192
2190
2189
2189
2186
2185
2182
2181
2181
2181
2179
2178
2178
2178
2175
2173
2173
2168
2167
2167
2166
2166
2166
2165
2164
2163
2163
2163
2163
2162
2161
2158
2158
2158
2154
2153
2153
2151
2150
2149
2149
2149
2149
2148
2147
2146
2146
2146
2144
2143
2142
2141
2141
2140
2140
2139
2139
2138
2138
2136
2134
2131
2131
2128
2128
2128
2125
2124
2124
2124
2124
2123
2121
2121
2120
2119
2118
2118
2118
2116
2116
2116
2113
2112
2112
2110
2109
2108
2108
2105
2104
2095
2094
2093
2092
2091
2090
2086
2085
2084
2084
2083
2081
2080
2079
2079
2079
2075
2075
2073
2072
2071
2070
2068
2067
2064
2064
2064
2063
2062
2061
2060
2060
2060
2060
2059
2057
2052
2051
2050
2050
2050
2048
2048
2048
2047
2045
2044
2044
2044
2044
2043
2043
2040
2038
2037
2037
2036
2035
2035
2035
2033
2033
2033
2032
2032
2031
2028
2028
2026
2025
2025
2025
2021
2019
2017
2016
2015
2012
2011
2010
2010
2009
2008
2008
2003
2003
2003
2003
2002
2002
2000
1999
1999
1998
1997
1996
1996
1995
1994
1994
1990
1990
1989
1988
1988
1985
1985
1985
1983
1982
1981
1980
1976
1976
1975
1974
1974
1972
1972
1971
1970
1967
1965
1965
1964
1964
1963
1963
1961
1960
1960
1957
1956
1954
1950
1947
1947
1945
1942
1941
1940
1939
1939
1939
1938
1938
1938
1937
1937
1937
1937
1936
1934
1930
1930
1928
1928
1927
1927
1926
1925
1925
1924
1923
1923
1923
1918
1918
1917
1916
1916
1913
1912
1911
1911
1908
1907
1906
1906
1902
1901
1899
1899
1899
1898
1898
1898
1896
1895
1895
1895
1895
1895
1890
1890
1889
1887
1885
1883
1882
1882
1880
1880
1879
1878
1878
1878
1877
1875
1873
1872
1871
1870
1868
1867
1866
1865
1865
1863
1863
1861
1860
1859
1858
1857
1857
1857
1855
1855
1850
1850
1849
1848
1848
1847
1847
1847
1846
1846
1845
1844
1843
1842
1840
1839
1838
1834
1833
1831
1831
1831
1831
1829
1828
1827
1827
1824
1823
1822
1822
1821
1819
1819
1819
1818
1818
1816
1815
1813
1810
1810
1810
1810
1810
1810
1809
1808
1808
1808
1807
1805
1805
1804
1802
1799
1798
1796
1794
1794
1793
1792
1791
1791
1790
1790
1787
1787
1787
1787
1786
1786
1785
1784
1783
1783
1782
1778
1776
1773
1773
1771
1770
1770
1769
1767
1767
1766
1765
1764
1762
1761
1760
1760
1760
1759
1759
1758
1757
1756
1756
1756
1755
1754
1753
1753
1753
1751
1751
1751
1751
1751
1750
1750
1749
1748
1747
1747
1745
1743
1741
1740
1739
1739
1738
1737
1736
1736
1732
1732
1731
1729
1729
1727
1726
1726
1724
1723
1723
1722
1721
1720
1718
1718
1717
1717
1716
1714
1712
1711
1711
1710
1709
1709
1708
1708
1707
1703
1703
1701
1701
1700
1699
1698
1695
1694
1694
1694
1693
1693
1693
1693
1692
1690
1690
1688
1688
1686
1686
1686
1686
1685
1685
1684
1682
1681
1681
1681
1680
1680
1679
1679
1679
1675
1675
1674
1674
1673
1673
1672
1671
1671
1670
1669
1669
1666
1666
1665
1665
1664
1664
1664
1663
1660
1660
1659
1659
1655
1655
1654
1652
1651
1651
1650
1650
1649
1648
1643
1642
1641
1640
1639
1638
1638
1638
1638
1637
1637
1637
1636
1636
1635
1635
1635
1635
1633
1632
1632
1629
1629
1629
1625
1623
1623
1623
1621
1618
1618
1618
1617
1616
1614
1610
1610
1609
1609
1608
1607
1605
1604
1603
1602
1602
1597
1594
1593
1593
1593
1592
1592
1592
1590
1590
1588
1586
1585
1585
1583
1581
1579
1579
1578
1577
1575
1575
1575
1574
1574
1574
1574
1570
1570
1568
1568
1568
1567
1567
1566
1563
1563
1561
1561
1560
1560
1560
1559
1559
1558
1557
1555
1555
1555
1555
1552
1550
1549
1548
1547
1546
1546
1544
1542
1542
1541
1540
1539
1539
1539
1538
1537
1536
1536
1536
1535
1534
1534
1529
1529
1527
1527
1526
1526
1524
1522
1521
1520
1520
1518
1518
1515
1514
1514
1511
1511
1510
1509
1505
1505
1504
1503
1503
1503
1501
1499
1498
1498
1494
1493
1493
1492
1491
1491
1491
1491
1491
1489
1488
1485
1483
1483
1481
1480
1480
1480
1478
1476
1476
1475
1475
1474
1473
1471
1470
1467
1466
1465
1463
1461
1461
1461
1458
1457
1455
1454
1454
1453
1452
1452
1452
1452
1451
1451
1450
1450
1449
1448
1446
1446
1446
1445
1444
1443
1443
1442
1441
1441
1439
1439
1437
1436
1435
1435
1433
1432
1430
1430
1430
1429
1428
1427
1427
1427
1426
1425
1425
1423
1421
1421
1421
1419
1419
1419
1418
1415
1413
1411
1411
1409
1409
1407
1406
1406
1405
1405
1401
1400
1399
1399
1398
1398
1396
1396
1395
1395
1394
1393
1391
1390
1390
1388
1388
1388
1386
1386
1386
1385
1384
1383
1382
1381
1381
1379
1377
1376
1375
1374
1374
1374
1374
1373
1372
1372
1371
1370
1369
1367
1365
1365
1365
1364
1363
1363
1362
1362
1359
1359
1359
1359
1359
1358
1356
1356
1355
1353
1352
1351
1350
1350
1349
1349
1346
1346
1346
1345
1341
1341
1340
1339
1338
1338
1337
1337
1337
1335
1334
1334
1331
1331
1331
1330
1330
1329
1324
1324
1322
1322
1321
1320
1320
1319
1319
1318
1315
1314
1314
1311
1310
1309
1309
1309
1308
1308
1307
1305
1305
1303
1303
1303
1302
1299
1299
1298
1298
1296
1293
1293
1293
1292
1291
1289
1288
1288
1285
1284
1281
1280
1279
1275
1274
1274
1272
1270
1270
1270
1269
1267
1267
1266
1266
1264
1264
1263
1263
1263
1260
1258
1257
1257
1256
1255
1255
1255
1249
1248
1248
1248
1248
1247
1246
1246
1245
1245
1244
1242
1242
1242
1242
1242
1242
1239
1237
1236
1235
1235
1234
1233
1233
1232
1231
1231
1230
1228
1223
1223
1222
1222
1219
1217
1217
1215
1214
1214
1214
1214
1213
1211
1211
1210
1209
1208
1208
1206
1206
1205
1205
1205
1205
1203
1203
1201
1198
1197
1197
1196
1195
1195
1195
1191
1191
1191
1191
1187
1186
1184
1179
1179
1179
1178
1178
1172
1172
1171
1170
1170
1167
1166
1164
1163
1162
1161
1160
1160
1160
1158
1157
1156
1154
1153
1153
1152
1150
1150
1149
1149
1149
1149
1148
1148
1148
1147
1144
1144
1142
1141
1141
1141
1140
1138
1136
1135
1134
1133
1132
1131
1131
1129
1128
1128
1128
1127
1125
1124
1123
1122
1122
1121
1120
1119
1117
1116
1115
1114
1114
1114
1113
1110
1110
1109
1109
1107
1106
1106
1104
1102
1100
1100
1100
1100
1095
1095
1094
1094
1093
1092
1091
1090
1089
1089
1087
1086
1084
1083
1083
1082
1082
1075
1074
1073
1072
1071
1070
1069
1069
1068
1067
1067
1067
1066
1066
1063
1063
1061
1057
1056
1055
1054
1054
1050
1047
1047
1047
1046
1046
1045
1044
1044
1044
1043
1043
1041
1041
1039
1039
1037
1036
1030
1025
1025
1023
1022
1021
1018
1016
1016
1015
1015
1014
1014
1014
1011
1010
1010
1009
1008
1008
1008
1008
1007
1007
1005
1003
1001
996
994
994
992
992
989
988
987
986
985
985
984
984
982
981
979
979
977
977
977
977
976
975
974
973
972
969
969
969
967
964
963
963
962
962
961
959
958
958
956
955
954
953
952
951
948
947
945
944
944
944
942
941
940
939
939
938
936
935
935
935
931
931
929
927
926
926
926
925
925
925
924
922
921
918
917
917
916
915
915
913
912
909
909
909
909
907
906
906
904
904
902
899
899
898
898
897
896
895
895
894
894
893
893
893
893
892
892
891
891
890
888
887
887
886
886
886
884
882
881
881
881
881
880
880
878
877
876
876
874
873
872
869
868
867
866
866
865
864
864
864
863
862
861
860
859
856
855
855
853
853
852
852
852
852
852
851
850
848
848
847
846
846
843
842
841
840
839
838
838
838
837
836
835
833
829
828
828
828
826
826
826
824
824
823
823
822
821
816
816
816
815
815
814
813
812
809
809
808
807
807
806
806
805
805
803
800
799
799
799
797
797
797
794
794
792
790
787
784
783
783
782
782
782
782
781
780
778
778
777
777
772
772
771
771
770
770
769
769
766
764
764
763
762
762
760
760
758
757
757
755
755
754
753
752
750
749
746
741
739
738
738
736
736
735
733
732
731
731
729
729
726
725
725
724
723
723
722
721
721
720
718
716
715
714
713
713
713
711
711
710
709
705
704
703
702
701
700
699
699
698
698
698
698
698
697
697
696
696
696
695
694
693
692
691
690
688
686
686
685
685
685
684
684
681
679
679
679
676
675
675
672
671
670
669
669
668
667
667
666
663
663
661
660
659
659
658
658
657
657
656
656
654
653
652
651
649
647
646
644
642
639
638
637
636
635
634
634
634
633
632
631
630
628
625
625
625
623
617
615
614
613
612
611
610
610
609
608
608
607
604
604
602
601
601
600
600
599
599
599
598
598
598
596
596
595
595
593
593
593
592
591
591
590
589
588
585
584
584
581
581
580
579
578
578
577
576
576
575
575
574
571
571
570
569
569
568
567
566
565
565
564
564
561
560
560
556
556
556
555
554
554
553
552
551
550
548
548
545
544
543
541
541
541
539
538
536
536
536
535
535
535
533
532
531
530
529
528
527
527
523
521
520
520
515
515
515
515
512
511
510
510
505
505
504
504
504
502
501
499
499
498
497
496
495
495
494
493
493
492
491
491
489
487
487
486
484
482
479
477
474
474
473
472
471
470
470
468
468
467
463
462
462
460
458
457
456
456
453
446
445
445
445
444
443
443
443
441
440
438
437
436
435
430
430
429
429
426
421
419
417
417
416
415
415
414
413
413
413
412
411
411
411
410
409
409
408
407
407
407
404
404
404
403
399
399
398
398
397
397
396
395
395
395
394
391
391
390
389
388
387
383
382
382
380
380
379
379
378
378
378
375
373
371
371
371
368
368
367
366
366
365
364
361
361
360
360
360
360
359
358
357
356
354
353
349
348
347
347
346
344
343
343
342
342
342
342
340
340
339
338
338
336
336
335
335
335
334
334
333
332
332
332
331
331
331
328
328
324
319
318
318
314
312
312
309
308
307
307
306
306
306
306
304
304
302
301
301
300
297
297
296
296
296
295
294
293
293
292
291
291
290
289
286
282
282
282
282
281
281
280
279
277
275
274
274
273
273
270
270
270
269
269
269
268
267
266
265
265
264
264
262
260
256
256
254
252
252
250
246
243
241
239
239
239
238
237
234
234
232
231
231
230
230
229
229
227
226
225
225
222
222
221
218
216
214
213
212
212
207
205
205
204
204
202
199
199
199
198
196
196
192
190
190
186
186
186
185
185
184
183
183
182
182
181
181
181
180
178
176
174
174
171
171
170
169
169
168
166
164
164
164
163
163
161
158
158
158
158
157
157
157
157
156
156
155
154
153
153
152
152
150
149
149
148
147
146
146
146
146
145
144
140
140
138
136
135
134
131
131
131
129
129
128
127
126
126
124
124
123
123
123
122
121
121
120
120
120
119
118
118
117
116
111
111
111
110
109
108
107
107
107
105
103
103
102
102
101
100
100
100
100
99
97
97
97
97
96
96
96
96
95
92
92
91
91
90
90
90
87
87
86
85
82
81
81
80
79
79
79
78
78
76
76
76
75
74
74
73
72
68
68
67
67
65
64
63
63
61
60
60
58
58
57
56
55
51
50
49
48
47
47
47
47
46
46
46
45
44
44
44
44
43
41
39
39
39
36
35
35
32
31
30
29
29
28
28
25
25
25
19
18
18
18
17
16
15
13
12
10
10
9
9
8
8
6
6
6
6
4
3
3
1
1
