1
1
3
3
4
6
6
6
6
8
8
9
9
10
10
12
13
15
16
17
18
18
18
19
25
25
25
28
28
29
29
30
31
32
35
35
36
39
39
39
41
43
44
44
44
44
45
46
46
46
47
47
47
47
48
49
50
51
55
56
57
58
58
60
60
61
63
63
64
65
67
67
68
68
72
73
74
74
75
76
76
76
78
78
79
79
79
80
81
81
82
85
86
87
87
90
90
90
91
91
92
92
95
96
96
96
96
97
97
97
97
99
100
100
100
100
101
102
102
103
103
105
107
107
107
108
109
110
111
111
111
116
117
118
118
119
120
120
120
121
121
122
123
123
123
124
124
126
126
127
128
129
129
131
131
131
134
135
136
138
140
140
144
145
146
146
146
146
147
148
149
149
150
152
152
153
153
154
155
156
156
157
157
157
157
158
158
158
158
161
163
163
164
164
164
166
168
169
169
170
171
171
174
174
176
178
180
181
181
181
182
182
183
183
184
185
185
186
186
186
190
190
192
196
196
198
199
199
199
202
204
204
205
205
207
212
212
213
214
216
218
221
222
222
225
225
226
227
229
229
230
230
231
231
232
234
234
237
238
239
239
239
241
243
246
250
252
252
254
256
256
260
262
264
264
265
265
266
267
268
269
269
269
270
270
270
273
273
274
274
275
277
279
280
281
281
282
282
282
282
286
289
290
291
291
292
293
293
294
295
296
296
296
297
297
300
301
301
302
304
304
306
306
306
306
307
307
308
309
312
312
314
318
318
319
324
328
328
331
331
331
332
332
332
333
334
334
335
335
335
336
336
338
338
339
340
340
342
342
342
342
343
343
344
346
347
347
348
349
353
354
356
357
358
359
360
360
360
360
361
361
364
365
366
366
367
368
368
371
371
371
373
375
378
378
378
379
379
380
380
382
382
383
387
388
389
390
391
391
394
395
395
395
396
397
397
398
398
399
399
403
404
404
404
407
407
407
408
409
409
410
411
411
411
412
413
413
413
414
415
415
416
417
417
419
421
426
429
429
430
430
435
436
437
438
440
441
443
443
443
444
445
445
445
446
453
456
456
457
458
460
462
462
463
467
468
468
470
470
471
472
473
474
474
477
479
482
484
486
487
487
489
491
491
492
493
493
494
495
495
496
497
498
499
499
501
502
504
504
504
505
505
510
510
511
512
515
515
515
515
520
520
521
523
527
527
528
529
530
531
532
533
535
535
535
536
536
536
538
539
541
541
541
543
544
545
548
548
550
551
552
553
554
554
555
556
556
556
560
560
561
564
564
565
565
566
567
568
569
569
570
571
571
574
575
575
576
576
577
578
578
579
580
581
581
584
584
585
588
589
590
591
591
592
593
593
593
595
595
596
596
598
598
598
599
599
599
600
600
601
601
602
604
604
607
608
608
609
610
610
611
612
613
614
615
617
623
625
625
625
628
630
631
632
633
634
634
634
635
636
637
638
639
642
644
646
647
649
651
652
653
654
656
656
657
657
658
658
659
659
660
661
663
663
666
667
667
668
669
669
670
671
672
675
675
676
679
679
679
681
684
684
685
685
685
686
686
688
690
691
692
693
694
695
696
696
696
697
697
698
698
698
698
698
699
699
700
701
702
703
704
705
709
710
711
711
713
713
713
714
715
716
718
720
721
721
722
723
723
724
725
725
726
729
729
731
731
732
733
735
736
736
738
738
739
741
746
749
750
752
753
754
755
755
757
757
758
760
760
762
762
763
764
764
766
769
769
770
770
771
771
772
772
777
777
778
778
780
781
782
782
782
782
783
783
784
787
790
792
794
794
797
797
797
799
799
799
800
803
805
805
806
806
807
807
808
809
809
812
813
814
815
815
816
816
816
821
822
823
823
824
824
826
826
826
828
828
828
829
833
835
836
837
838
838
838
839
840
841
842
843
846
846
847
848
848
850
851
852
852
852
852
852
853
853
855
855
856
859
860
861
862
863
864
864
864
865
866
866
867
868
869
872
873
874
876
876
877
878
880
880
881
881
881
881
882
884
886
886
886
887
887
888
890
891
891
892
892
893
893
893
893
894
894
895
895
896
897
898
898
899
899
902
904
904
906
906
907
909
909
909
909
912
913
915
915
916
917
917
918
921
922
924
925
925
925
926
926
926
927
929
931
931
935
935
935
936
938
939
939
940
941
942
944
944
944
945
947
948
951
952
953
954
955
956
958
958
959
961
962
962
963
963
964
967
969
969
969
972
973
974
975
976
977
977
977
977
979
979
981
982
984
984
985
985
986
987
988
989
992
992
994
994
996
1001
1003
1005
1007
1007
1008
1008
1008
1008
1009
1010
1010
1011
1014
1014
1014
1015
1015
1016
1016
1018
1021
1022
1023
1025
1025
1030
1036
1037
1039
1039
1041
1041
1043
1043
1044
1044
1044
1045
1046
1046
1047
1047
1047
1050
1054
1054
1055
1056
1057
1061
1063
1063
1066
1066
1067
1067
1067
1068
1069
1069
1070
1071
1072
1073
1074
1075
1082
1082
1083
1083
1084
1086
1087
1089
1089
1090
1091
1092
1093
1094
1094
1095
1095
1100
1100
1100
1100
1102
1104
1106
1106
1107
1109
1109
1110
1110
1113
1114
1114
1114
1115
1116
1117
1119
1120
1121
1122
1122
1123
1124
1125
1127
1128
1128
1128
1129
1131
1131
1132
1133
1134
1135
1136
1138
1140
1141
1141
1141
1142
1144
1144
1147
1148
1148
1148
1149
1149
1149
1149
1150
1150
1152
1153
1153
1154
1156
1157
1158
1160
1160
1160
1161
1162
1163
1164
1166
1167
1170
1170
1171
1172
1172
1178
1178
1179
1179
1179
1184
1186
1187
1191
1191
1191
1191
1195
1195
1195
1196
1197
1197
1198
1201
1203
1203
1205
1205
1205
1205
1206
1206
1208
1208
1209
1210
1211
1211
1213
1214
1214
1214
1214
1215
1217
1217
1219
1222
1222
1223
1223
1228
1230
1231
1231
1232
1233
1233
1234
1235
1235
1236
1237
1239
1242
1242
1242
1242
1242
1242
1244
1245
1245
1246
1246
1247
1248
1248
1248
1248
1249
1255
1255
1255
1256
1257
1257
1258
1260
1263
1263
1263
1264
1264
1266
1266
1267
1267
1269
1270
1270
1270
1272
1274
1274
1275
1279
1280
1281
1284
1285
1288
1288
1289
1291
1292
1293
1293
1293
1296
1298
1298
1299
1299
1302
1303
1303
1303
1305
1305
1307
1308
1308
1309
1309
1309
1310
1311
1314
1314
1315
1318
1319
1319
1320
1320
1321
1322
1322
1324
1324
1329
1330
1330
1331
1331
1331
1334
1334
1335
1337
1337
1337
1338
1338
1339
1340
1341
1341
1345
1346
1346
1346
1349
1349
1350
1350
1351
1352
1353
1355
1356
1356
1358
1359
1359
1359
1359
1359
1362
1362
1363
1363
1364
1365
1365
1365
1367
1369
1370
1371
1372
1372
1373
1374
1374
1374
1374
1375
1376
1377
1379
1381
1381
1382
1383
1384
1385
1386
1386
1386
1388
1388
1388
1390
1390
1391
1393
1394
1395
1395
1396
1396
1398
1398
1399
1399
1400
1401
1405
1405
1406
1406
1407
1409
1409
1411
1411
1413
1415
1418
1419
1419
1419
1421
1421
1421
1423
1425
1425
1426
1427
1427
1427
1428
1429
1430
1430
1430
1432
1433
1435
1435
1436
1437
1439
1439
1441
1441
1442
1443
1443
1444
1445
1446
1446
1446
1448
1449
1450
1450
1451
1451
1452
1452
1452
1452
1453
1454
1454
1455
1457
1458
1461
1461
1461
1463
1465
1466
1467
1470
1471
1473
1474
1475
1475
1476
1476
1478
1480
1480
1480
1481
1483
1483
1485
1488
1489
1491
1491
1491
1491
1491
1492
1493
1493
1494
1498
1498
1499
1501
1503
1503
1503
1504
1505
1505
1509
1510
1511
1511
1514
1514
1515
1518
1518
1520
1520
1521
1522
1524
1526
1526
1527
1527
1529
1529
1534
1534
1535
1536
1536
1536
1537
1538
1539
1539
1539
1540
1541
1542
1542
1544
1546
1546
1547
1548
1549
1550
1552
1555
1555
1555
1555
1557
1558
1559
1559
1560
1560
1560
1561
1561
1563
1563
1566
1567
1567
1568
1568
1568
1570
1570
1574
1574
1574
1574
1575
1575
1575
1577
1578
1579
1579
1581
1583
1585
1585
1586
1588
1590
1590
1592
1592
1592
1593
1593
1593
1594
1597
1602
1602
1603
1604
1605
1607
1608
1609
1609
1610
1610
1614
1616
1617
1618
1618
1618
1621
1623
1623
1623
1625
1629
1629
1629
1632
1632
1633
1635
1635
1635
1635
1636
1636
1637
1637
1637
1638
1638
1638
1638
1639
1640
1641
1642
1643
1648
1649
1650
1650
1651
1651
1652
1654
1655
1655
1659
1659
1660
1660
1663
1664
1664
1664
1665
1665
1666
1666
1669
1669
1670
1671
1671
1672
1673
1673
1674
1674
1675
1675
1679
1679
1679
1680
1680
1681
1681
1681
1682
1684
1685
1685
1686
1686
1686
1686
1688
1688
1690
1690
1692
1693
1693
1693
1693
1694
1694
1694
1695
1698
1699
1700
1701
1701
1703
1703
1707
1708
1708
1709
1709
1710
1711
1711
1712
1714
1716
1717
1717
1718
1718
1720
1721
1722
1723
1723
1724
1726
1726
1727
1729
1729
1731
1732
1732
1736
1736
1737
1738
1739
1739
1740
1741
1743
1745
1747
1747
1748
1749
1750
1750
1751
1751
1751
1751
1751
1753
1753
1753
1754
1755
1756
1756
1756
1757
1758
1759
1759
1760
1760
1760
1761
1762
1764
1765
1766
1767
1767
1769
1770
1770
1771
1773
1773
1776
1778
1782
1783
1783
1784
1785
1786
1786
1787
1787
1787
1787
1790
1790
1791
1791
1792
1793
1794
1794
1796
1798
1799
1802
1804
1805
1805
1807
1808
1808
1808
1809
1810
1810
1810
1810
1810
1810
1813
1815
1816
1818
1818
1819
1819
1819
1821
1822
1822
1823
1824
1827
1827
1828
1829
1831
1831
1831
1831
1833
1834
1838
1839
1840
1842
1843
1844
1845
1846
1846
1847
1847
1847
1848
1848
1849
1850
1850
1855
1855
1857
1857
1857
1858
1859
1860
1861
1863
1863
1865
1865
1866
1867
1868
1870
1871
1872
1873
1875
1877
1878
1878
1878
1879
1880
1880
1882
1882
1883
1885
1887
1889
1890
1890
1895
1895
1895
1895
1895
1896
1898
1898
1898
1899
1899
1899
1901
1902
1906
1906
1907
1908
1911
1911
1912
1913
1916
1916
1917
1918
1918
1923
1923
1923
1924
1925
1925
1926
1927
1927
1928
1928
1930
1930
1934
1936
1937
1937
1937
1937
1938
1938
1938
1939
1939
1939
1940
1941
1942
1945
1947
1947
1950
1954
1956
1957
1960
1960
1961
1963
1963
1964
1964
1965
1965
1967
1970
1971
1972
1972
1974
1974
1975
1976
1976
1980
1981
1982
1983
1985
1985
1985
1988
1988
1989
1990
1990
1994
1994
1995
1996
1996
1997
1998
1999
1999
2000
2002
2002
2003
2003
2003
2003
2008
2008
2009
2010
2010
2011
2012
2015
2016
2017
2019
2021
2025
2025
2025
2026
2028
2028
2031
2032
2032
2033
2033
2033
2035
2035
2035
2036
2037
2037
2038
2040
2043
2043
2044
2044
2044
2044
2045
2047
2048
2048
2048
2050
2050
2050
2051
2052
2057
2059
2060
2060
2060
2060
2061
2062
2063
2064
2064
2064
2067
2068
2070
2071
2072
2073
2075
2075
2079
2079
2079
2080
2081
2083
2084
2084
2085
2086
2090
2091
2092
2093
2094
2095
2104
2105
2108
2108
2109
2110
2112
2112
2113
2116
2116
2116
2118
2118
2118
2119
2120
2121
2121
2123
2124
2124
2124
2124
2125
2128
2128
2128
2131
2131
2134
2136
2138
2138
2139
2139
2140
2140
2141
2141
2142
2143
2144
2146
2146
2146
2147
2148
2149
2149
2149
2149
2150
2151
2153
2153
2154
2158
2158
2158
2161
2162
2163
2163
2163
2163
2164
2165
2166
2166
2166
2167
2167
2168
2173
2173
2175
2178
2178
2178
2179
2181
2181
2181
2182
2185
2186
2189
2189
2190
2192
2192
2194
2195
2197
2198
2199
2203
2205
2206
2206
2208
2208
2210
2211
2214
2215
2216
2216
2217
2218
2218
2218
2222
2222
2223
2225
2225
2228
2228
2230
2231
2232
2232
2233
2234
2234
2234
2235
2236
2236
2237
2237
2238
2239
2239
2240
2240
2240
2241
2242
2242
2242
2243
2244
2244
2245
2245
2246
2247
2248
2251
2251
2252
2255
2256
2258
2259
2260
2260
2263
2265
2267
2267
2269
2271
2271
2272
2275
2275
2277
2278
2278
2278
2280
2281
2285
2286
2287
2288
2288
2289
2289
2290
2294
2294
2295
2295
2298
2298
2300
2301
2301
2301
2303
2304
2305
2305
2306
2310
2310
2311
2313
2313
2313
2314
2314
2315
2315
2316
2317
2319
2319
2319
2319
2320
2323
2323
2324
2324
2325
2326
2326
2327
2328
2328
2329
2331
2331
2334
2335
2336
2337
2338
2340
2341
2342
2342
2343
2345
2346
2349
2350
2351
2352
2353
2353
2355
2358
2359
2360
2362
2362
2363
2363
2366
2367
2370
2370
2372
2374
2375
2376
2377
2379
2385
2387
2389
2390
2391
2392
2393
2393
2393
2396
2396
2397
2399
2400
2400
2402
2403
2404
2404
2405
2405
2406
2406
2407
2408
2411
2412
2413
2414
2416
2416
2417
2419
2419
2420
2421
2422
2423
2426
2426
2428
2429
2430
2431
2432
2434
2435
2435
2435
2436
2436
2437
2437
2439
2445
2445
2446
2447
2448
2448
2449
2450
2452
2452
2452
2453
2453
2455
2455
2455
2457
2460
2460
2461
2462
2464
2467
2471
2473
2475
2476
2476
2476
2478
2479
2479
2480
2482
2482
2483
2486
2487
2487
2488
2489
2490
2490
2491
2492
2493
2494
2495
2495
2497
2501
2501
2501
2503
2506
2506
2507
2508
2508
2508
2510
2510
2511
2511
2511
2511
2512
2513
2515
2516
2517
2518
2518
2519
2519
2520
2522
2522
2525
2526
2526
2527
2528
2528
2530
2530
2533
2534
2534
2534
2535
2535
2539
2540
2541
2542
2542
2543
2545
2546
2546
2546
2547
2548
2548
2549
2551
2551
2551
2552
2553
2554
2554
2554
2555
2557
2559
2559
2561
2561
2561
2561
2561
2562
2562
2562
2563
2564
2566
2567
2569
2570
2570
2570
2571
2572
2573
2574
2575
2576
2576
2577
2578
2578
2578
2579
2580
2580
2580
2581
2582
2583
2583
2584
2584
2585
2585
2588
2589
2589
2591
2591
2592
2593
2594
2595
2596
2596
2598
2599
2599
2604
2605
2605
2605
2607
2607
2610
2611
2614
2614
2615
2616
2617
2617
2619
2621
2621
2621
2622
2622
2625
2625
2626
2626
2627
2629
2633
2633
2633
2634
2634
2634
2639
2639
2641
2642
2643
2643
2644
2644
2646
2650
2651
2651
2653
2653
2655
2655
2655
2655
2658
2659
2661
2661
2662
2662
2664
2666
2666
2667
2671
2671
2671
2672
2672
2676
2676
2678
2678
2678
2680
2682
2687
2687
2690
2693
2694
2694
2695
2695
2698
2702
2706
2710
2711
2711
2712
2713
2713
2713
2713
2713
2713
2714
2715
2716
2716
2718
2722
2722
2723
2724
2725
2726
2729
2731
2731
2731
2732
2733
2734
2737
2737
2737
2738
2739
2741
2741
2744
2745
2747
2747
2748
2748
2749
2750
2750
2751
2751
2753
2753
2754
2754
2754
2755
2755
2756
2757
2757
2758
2759
2759
2760
2761
2763
2763
2766
2766
2766
2767
2768
2769
2772
2772
2773
2775
2776
2777
2777
2779
2779
2779
2780
2780
2781
2784
2785
2786
2787
2787
2787
2788
2789
2790
2790
2790
2791
2793
2793
2794
2795
2799
2800
2800
2801
2801
2802
2803
2804
2806
2807
2811
2811
2812
2814
2818
2819
2819
2821
2822
2822
2823
2823
2826
2828
2828
2829
2830
2830
2831
2833
2834
2836
2836
2837
2841
2843
2847
2847
2847
2849
2849
2850
2851
2852
2852
2853
2853
2853
2853
2854
2854
2854
2855
2858
2858
2859
2860
2860
2861
2861
2863
2864
2866
2868
2868
2869
2869
2872
2874
2876
2878
2878
2882
2883
2883
2885
2885
2886
2886
2887
2887
2888
2888
2889
2889
2890
2891
2892
2895
2895
2896
2897
2898
2900
2904
2904
2905
2905
2907
2909
2912
2913
2913
2913
2914
2916
2917
2919
2919
2919
2921
2921
2922
2924
2925
2925
2926
2926
2927
2930
2930
2932
2932
2933
2934
2936
2938
2938
2939
2939
2940
2940
2941
2942
2942
2943
2945
2948
2949
2949
2953
2956
2958
2958
2959
2959
2959
2960
2960
2961
2963
2963
2963
2963
2963
2964
2965
2966
2966
2967
2970
2972
2972
2972
2972
2973
2973
2973
2974
2974
2976
2978
2979
2979
2980
2983
2983
2984
2984
2985
2988
2989
2990
2990
2990
2990
2991
2991
2992
2992
2994
2994
2998
2999
3004
3005
3005
3005
3006
3006
3008
3008
3009
3009
3009
3012
3012
3013
3013
3015
3015
3015
3018
3019
3020
3021
3021
3022
3023
3023
3024
3024
3026
3027
3027
3029
3031
3032
3032
3032
3033
3034
3035
3036
3037
3038
3038
3039
3039
3039
3039
3040
3041
3042
3043
3045
3045
3046
3047
3048
3049
3049
3049
3049
3049
3049
3050
3051
3051
3054
3054
3056
3057
3058
3059
3059
3060
3060
3061
3061
3062
3063
3063
3064
3064
3064
3064
3066
3066
3066
3068
3069
3071
3071
3073
3073
3073
3073
3076
3076
3076
3077
3077
3077
3077
3079
3080
3082
3082
3084
3084
3085
3085
3086
3088
3088
3089
3090
3090
3090
3092
3093
3093
3094
3094
3094
3095
3095
3095
3096
3098
3100
3101
3103
3105
3105
3106
3107
3107
3107
3110
3113
3115
3116
3116
3117
3119
3119
3119
3120
3120
3121
3121
3122
3124
3125
3128
3130
3130
3130
3131
3131
3132
3133
3133
3134
3135
3137
3138
3141
3142
3142
3143
3144
3147
3147
3149
3151
3152
3152
3153
3153
3154
3156
3156
3156
3159
3159
3160
3161
3162
3165
3165
3165
3165
3166
3168
3169
3170
3172
3172
3176
3176
3178
3181
3182
3183
3183
3184
3184
3184
3184
3185
3185
3186
3186
3188
3190
3191
3191
3193
3193
3194
3194
3194
3197
3198
3198
3200
3200
3201
3203
3203
3203
3207
3207
3208
3210
3211
3214
3214
3217
3218
3220
3224
3224
3225
3226
3227
3227
3228
3228
3228
3230
3231
3233
3235
3235
3239
3240
3241
3241
3241
3241
3242
3243
3244
3244
3244
3246
3248
3249
3249
3249
3250
3251
3252
3252
3253
3253
3255
3256
3256
3257
3257
3260
3260
3260
3261
3261
3261
3263
3263
3263
3264
3264
3266
3266
3266
3266
3267
3267
3268
3269
3269
3269
3271
3271
3271
3271
3271
3279
3279
3280
3280
3280
3281
3281
3282
3284
3286
3286
3286
3287
3288
3289
3290
3290
3290
3290
3290
3293
3294
3296
3296
3298
3298
3299
3299
3301
3302
3302
3302
3303
3303
3304
3306
3308
3308
3308
3311
3314
3314
3318
3320
3321
3322
3322
3322
3323
3326
3326
3330
3331
3332
3332
3337
3338
3338
3339
3339
3339
3340
3341
3341
3342
3343
3346
3346
3347
3348
3349
3350
3350
3352
3352
3354
3354
3354
3355
3357
3357
3358
3360
3362
3363
3364
3366
3367
3367
3368
3374
3376
3377
3377
3377
3378
3378
3379
3380
3382
3382
3383
3384
3386
3386
3387
3387
3391
3393
3394
3394
3395
3395
3395
3396
3396
3398
3399
3399
3399
3400
3402
3402
3404
3404
3404
3405
3405
3406
3407
3408
3408
3409
3409
3409
3410
3410
3410
3411
3411
3412
3412
3417
3417
3417
3419
3419
3419
3420
3421
3421
3424
3425
3426
3426
3429
3429
3429
3430
3431
3432
3437
3437
3440
3441
3441
3441
3443
3445
3446
3448
3449
3450
3452
3455
3456
3457
3457
3458
3459
3460
3461
3462
3464
3464
3465
3467
3471
3471
3471
3474
3476
3477
3477
3478
3478
3479
3481
3482
3483
3483
3484
3485
3485
3488
3488
3488
3491
3493
3495
3495
3499
3499
3502
3503
3503
3504
3505
3505
3506
3506
3506
3507
3508
3509
3509
3510
3511
3511
3511
3511
3512
3513
3514
3515
3516
3517
3517
3518
3518
3522
3522
3522
3524
3526
3526
3530
3530
3532
3532
3533
3534
3534
3537
3538
3539
3539
3540
3540
3540
3542
3543
3543
3544
3545
3547
3549
3550
3551
3552
3554
3555
3563
3567
3568
3569
3571
3571
3572
3575
3576
3577
3580
3581
3584
3585
3586
3587
3587
3589
3590
3590
3592
3593
3593
3593
3594
3594
3596
3596
3596
3597
3598
3599
3600
3600
3602
3606
3607
3607
3607
3607
3607
3608
3608
3610
3615
3617
3620
3621
3621
3624
3625
3625
3627
3627
3628
3629
3630
3632
3633
3633
3633
3633
3633
3636
3637
3637
3640
3641
3643
3643
3644
3647
3647
3647
3649
3649
3649
3652
3655
3656
3657
3657
3658
3660
3661
3661
3662
3662
3665
3666
3667
3668
3668
3671
3671
3676
3679
3679
3679
3680
3681
3683
3685
3685
3686
3687
3688
3688
3689
3689
3690
3690
3691
3693
3693
3694
3697
3700
3701
3702
3704
3706
3708
3708
3709
3710
3712
3712
3714
3714
3715
3716
3717
3717
3718
3718
3719
3720
3720
3720
3720
3722
3722
3723
3724
3725
3726
3726
3727
3728
3730
3730
3731
3731
3732
3733
3733
3734
3735
3735
3735
3738
3739
3739
3739
3739
3741
3741
3746
3748
3748
3748
3748
3749
3749
3750
3751
3751
3752
3754
3755
3756
3758
3758
3760
3762
3764
3764
3764
3765
3765
3765
3765
3766
3766
3769
3771
3771
3773
3775
3775
3776
3778
3778
3778
3779
3779
3781
3787
3787
3788
3789
3793
3793
3795
3795
3797
3797
3800
3802
3802
3803
3803
3804
3806
3806
3807
3808
3809
3810
3810
3810
3812
3812
3813
3813
3814
3814
3814
3816
3816
3818
3819
3820
3820
3824
3824
3825
3826
3828
3829
3831
3832
3832
3834
3835
3835
3836
3836
3836
3837
3837
3839
3840
3841
3841
3842
3842
3842
3843
3844
3844
3845
3845
3846
3847
3847
3847
3848
3849
3850
3850
3851
3852
3852
3852
3852
3853
3853
3854
3854
3854
3854
3855
3856
3856
3857
3857
3857
3860
3860
3861
3861
3862
3862
3864
3864
3865
3866
3866
3866
3866
3867
3867
3867
3872
3874
3874
3875
3876
3877
3878
3879
3879
3882
3883
3884
3884
3885
3885
3887
3888
3888
3893
3893
3897
3897
3898
3898
3900
3900
3901
3905
3907
3908
3908
3909
3909
3909
3910
3910
3910
3910
3911
3911
3912
3912
3913
3913
3913
3913
3914
3914
3916
3917
3917
3920
3923
3927
3927
3928
3928
3930
3931
3931
3931
3931
3932
3932
3933
3933
3936
3937
3937
3938
3941
3941
3944
3945
3945
3945
3945
3948
3950
3951
3952
3954
3955
3955
3955
3957
3959
3963
3963
3964
3966
3969
3969
3970
3971
3972
3972
3973
3973
3973
3973
3976
3976
3977
3977
3978
3978
3983
3983
3983
3985
3987
3987
3987
3988
3990
3990
3991
3992
3992
3993
3996
3997
4001
4002
4004
4005
4006
4007
4007
4008
4009
4009
4011
4012
4014
4014
4014
4016
4017
4018
4021
4022
4023
4023
4024
4027
4028
4029
4030
4030
4031
4036
4037
4038
4039
4039
4040
4041
4042
4042
4042
4043
4045
4047
4047
4048
4048
4048
4050
4051
4051
4053
4054
4054
4054
4056
4056
4057
4058
4059
4061
4061
4062
4063
4063
4063
4065
4068
4068
4068
4069
4071
4072
4074
4074
4075
4075
4077
4077
4078
4080
4082
4086
4087
4089
4090
4090
4093
4099
4099
4099
4100
4101
4102
4103
4104
4105
4106
4106
4107
4108
4108
4110
4110
4111
4112
4114
4118
4118
4120
4122
4122
4123
4123
4125
4128
4129
4131
4132
4134
4135
4135
4135
4136
4138
4138
4140
4141
4141
4142
4143
4143
4146
4146
4146
4147
4147
4149
4149
4151
4151
4152
4153
4155
4155
4155
4156
4156
4156
4157
4160
4160
4161
4162
4164
4165
4165
4165
4166
4167
4171
4171
4172
4173
4175
4176
4176
4178
4179
4179
4179
4180
4180
4181
4181
4182
4182
4182
4183
4183
4185
4186
4189
4189
4189
4189
4189
4189
4189
4189
4190
4190
4190
4192
4195
4197
4200
4201
4201
4203
4204
4206
4206
4206
4206
4206
4207
4207
4208
4209
4209
4210
4210
4210
4211
4213
4215
4215
4216
4219
4219
4221
4221
4226
4227
4228
4228
4229
4231
4232
4236
4236
4237
4237
4237
4239
4240
4240
4240
4241
4242
4246
4249
4253
4254
4259
4259
4259
4260
4260
4260
4262
4263
4264
4264
4265
4266
4267
4267
4268
4269
4270
4270
4271
4271
4271
4273
4274
4276
4276
4278
4281
4283
4283
4286
4287
4288
4289
4290
4291
4292
4292
4295
4297
4297
4298
4299
4300
4300
4303
4304
4304
4305
4305
4306
4310
4312
4312
4312
4313
4313
4314
4314
4316
4317
4317
4317
4318
4319
4320
4320
4320
4321
4323
4323
4324
4324
4325
4325
4328
4328
4328
4329
4331
4331
4331
4334
4335
4336
4336
4337
4337
4337
4339
4339
4341
4342
4349
4349
4352
4353
4354
4356
4358
4358
4361
4362
4364
4365
4365
4365
4367
4374
4376
4379
4379
4380
4381
4381
4383
4384
4385
4385
4386
4386
4386
4387
4387
4389
4390
4391
4394
4395
4399
4401
4401
4401
4402
4404
4405
4405
4405
4407
4410
4410
4412
4412
4412
4416
4416
4416
4420
4421
4421
4421
4421
4423
4423
4424
4424
4426
4426
4427
4427
4428
4429
4429
4429
4431
4432
4433
4433
4436
4436
4436
4439
4441
4441
4442
4443
4443
4444
4447
4447
4448
4448
4449
4450
4451
4451
4452
4453
4458
4458
4459
4459
4459
4460
4461
4461
4462
4462
4462
4463
4464
4468
4469
4469
4469
4471
4472
4473
4475
4476
4477
4477
4477
4480
4481
4482
4482
4482
4482
4483
4484
4485
4485
4486
4486
4487
4487
4488
4488
4488
4488
4489
4489
4491
4492
4492
4493
4493
4493
4495
4496
4499
4499
4499
4500
4502
4504
4508
4508
4508
4508
4509
4509
4510
4511
4511
4512
4514
4514
4515
4515
4515
4516
4517
4520
4522
4522
4522
4522
4523
4523
4525
4525
4525
4526
4526
4526
4526
4526
4528
4529
4530
4531
4531
4531
4534
4534
4535
4536
4537
4537
4537
4537
4538
4539
4540
4540
4541
4542
4543
4544
4546
4546
4546
4549
4552
4552
4552
4553
4553
4554
4554
4555
4555
4555
4555
4556
4556
4556
4556
4559
4559
4560
4561
4562
4563
4565
4565
4566
4567
4569
4572
4572
4572
4573
4573
4577
4578
4578
4578
4578
4579
4580
4580
4582
4583
4585
4587
4588
4588
4589
4590
4592
4593
4594
4595
4596
4597
4600
4601
4607
4608
4608
4609
4609
4609
4610
4611
4611
4614
4615
4618
4620
4620
4620
4620
4621
4623
4623
4624
4625
4626
4627
4629
4630
4630
4632
4633
4634
4635
4636
4636
4638
4638
4638
4641
4641
4641
4641
4643
4646
4647
4651
4651
4651
4653
4653
4653
4655
4655
4656
4657
4658
4659
4660
4662
4664
4666
4666
4668
4669
4674
4675
4677
4680
4680
4683
4683
4683
4687
4688
4689
4691
4691
4692
4692
4692
4695
4695
4696
4697
4697
4698
4698
4701
4703
4705
4706
4707
4708
4709
4709
4712
4713
4713
4713
4714
4714
4715
4717
4718
4719
4720
4723
4724
4724
4725
4725
4725
4726
4726
4727
4728
4729
4731
4731
4732
4733
4733
4733
4735
4736
4737
4738
4741
4743
4744
4746
4747
4747
4747
4748
4748
4748
4749
4753
4753
4754
4754
4755
4758
4758
4759
4760
4760
4761
4761
4761
4762
4763
4763
4764
4764
4765
4766
4767
4767
4767
4768
4768
4768
4769
4771
4773
4774
4776
4776
4777
4777
4778
4779
4780
4780
4781
4784
4784
4786
4786
4787
4788
4791
4792
4792
4794
4795
4796
4797
4797
4797
4798
4799
4800
4800
4801
4801
4802
4803
4804
4804
4805
4809
4809
4809
4811
4812
4812
4815
4815
4815
4817
4817
4817
4818
4819
4821
4822
4823
4825
4827
4827
4829
4829
4835
4835
4835
4836
4837
4838
4839
4840
4841
4844
4846
4847
4851
4851
4852
4854
4860
4860
4860
4861
4861
4861
4862
4864
4864
4864
4864
4866
4871
4872
4872
4873
4874
4874
4875
4876
4876
4876
4878
4878
4878
4880
4881
4881
4882
4883
4883
4884
4885
4887
4889
4889
4890
4892
4892
4893
4895
4896
4899
4900
4900
4904
4905
4905
4905
4907
4907
4909
4910
4914
4917
4918
4919
4919
4920
4920
4922
4922
4927
4927
4928
4930
4931
4932
4932
4933
4934
4935
4937
4939
4939
4940
4940
4941
4942
4944
4945
4946
4948
4948
4949
4949
4949
4951
4954
4955
4955
4958
4958
4960
4961
4961
4964
4965
4966
4966
4966
4967
4967
4968
4968
4968
4969
4972
4972
4972
4975
4977
4978
4978
4978
4979
4980
4980
4980
4980
4981
4983
4983
4984
4986
4986
4986
4988
4989
4989
4990
4991
4992
4992
4995
4995
4995
4997
4997
4998
4999
5000
5001
5001
5002
5005
5006
5007
5008
5011
5012
5013
5014
5014
5014
5015
5016
5016
5017
5018
5018
5020
5020
5020
5021
5022
5022
5023
5023
5024
5024
5024
5024
5025
5025
5026
5026
5026
5027
5027
5031
5033
5034
5034
5039
5040
5040
5044
5044
5044
5044
5045
5045
5046
5047
5049
5049
5051
5051
5052
5052
5052
5052
5053
5053
5054
5055
5056
5056
5056
5057
5057
5061
5061
5062
5062
5064
5065
5066
5066
5067
5068
5068
5069
5071
5072
5073
5073
5077
5077
5077
5078
5078
5083
5084
5085
5086
5087
5087
5088
5089
5090
5091
5093
5094
5096
5099
5101
5101
5101
5104
5105
5106
5106
5109
5109
5109
5110
5110
5113
5116
5117
5117
5118
5120
5122
5123
5123
5124
5125
5129
5131
5133
5134
5134
5135
5135
5135
5138
5139
5139
5140
5142
5143
5144
5146
5146
5147
5147
5148
5148
5149
5155
5157
5158
5158
5158
5160
5160
5161
5162
5163
5166
5167
5168
5168
5169
5169
5170
5170
5172
5173
5173
5174
5174
5175
5177
5178
5179
5179
5179
5179
5179
5180
5181
5182
5186
5186
5186
5192
5194
5195
5195
5195
5197
5198
5198
5199
5201
5201
5202
5202
5202
5203
5204
5205
5207
5207
5207
5209
5209
5212
5214
5216
5216
5217
5218
5218
5218
5218
5220
5220
5220
5221
5221
5222
5222
5222
5223
5223
5223
5224
5225
5225
5229
5231
5231
5232
5234
5235
5236
5240
5240
5243
5244
5244
5246
5246
5247
5247
5248
5248
5248
5249
5249
5252
5252
5254
5254
5254
5255
5256
5256
5258
5258
5259
5260
5260
5260
5261
5264
5265
5266
5266
5267
5267
5269
5269
5274
5276
5276
5276
5277
5277
5277
5278
5279
5279
5280
5280
5280
5281
5282
5283
5283
5283
5284
5285
5285
5286
5287
5287
5289
5291
5291
5291
5291
5292
5293
5294
5294
5295
5296
5297
5298
5299
5300
5300
5301
5305
5306
5308
5309
5310
5310
5310
5311
5314
5315
5316
5316
5317
5317
5317
5319
5321
5323
5324
5327
5327
5328
5328
5328
5329
5329
5329
5330
5330
5333
5333
5337
5338
5339
5341
5342
5344
5345
5346
5348
5350
5351
5355
5355
5355
5355
5356
5358
5359
5359
5360
5360
5363
5365
5366
5366
5367
5369
5369
5370
5370
5371
5375
5375
5376
5377
5379
5379
5380
5381
5383
5383
5384
5386
5387
5388
5388
5389
5389
5389
5390
5390
5391
5392
5393
5393
5394
5394
5395
5396
5396
5402
5402
5403
5403
5404
5404
5407
5407
5409
5409
5410
5411
5411
5412
5412
5413
5413
5414
5414
5415
5416
5417
5417
5418
5418
5419
5419
5421
5422
5424
5425
5425
5427
5428
5431
5432
5432
5432
5440
5440
5442
5442
5443
5444
5445
5445
5445
5447
5448
5449
5449
5449
5450
5450
5451
5452
5452
5453
5453
5454
5454
5454
5455
5455
5456
5456
5456
5457
5457
5457
5458
5458
5459
5460
5460
5461
5462
5462
5463
5463
5463
5464
5464
5465
5465
5466
5466
5467
5467
5468
5469
5471
5471
5471
5471
5477
5478
5480
5480
5482
5482
5485
5487
5488
5490
5491
5492
5494
5494
5496
5496
5496
5498
5498
5499
5499
5499
5500
5500
5500
5502
5504
5504
5504
5506
5508
5508
5509
5511
5512
5512
5515
5516
5517
5518
5519
5520
5520
5522
5523
5524
5525
5527
5528
5529
5530
5530
5530
5532
5532
5533
5534
5536
5537
5541
5541
5544
5545
5550
5552
5554
5554
5555
5556
5556
5556
5558
5558
5558
5560
5562
5562
5563
5564
5565
5565
5566
5567
5568
5568
5569
5569
5570
5573
5574
5575
5577
5578
5578
5580
5580
5580
5581
5587
5588
5593
5595
5596
5597
5598
5599
5601
5601
5602
5604
5604
5604
5605
5605
5606
5608
5608
5608
5609
5611
5614
5614
5614
5615
5616
5617
5617
5619
5622
5622
5624
5624
5624
5625
5625
5627
5628
5631
5632
5632
5636
5641
5642
5644
5645
5647
5648
5649
5650
5650
5651
5651
5651
5651
5652
5654
5655
5655
5656
5656
5656
5657
5657
5660
5660
5661
5661
5661
5662
5666
5668
5670
5671
5672
5672
5672
5673
5676
5676
5677
5677
5678
5679
5680
5680
5681
5682
5683
5685
5685
5686
5687
5687
5689
5689
5689
5691
5693
5695
5695
5695
5695
5696
5696
5697
5698
5698
5698
5699
5700
5700
5701
5702
5702
5703
5705
5706
5707
5708
5708
5708
5710
5711
5715
5715
5716
5717
5717
5718
5718
5722
5723
5723
5724
5725
5726
5727
5727
5728
5728
5729
5730
5730
5732
5733
5735
5735
5736
5738
5738
5744
5744
5746
5747
5748
5748
5748
5749
5752
5752
5752
5755
5756
5756
5757
5757
5757
5757
5758
5759
5759
5759
5760
5761
5761
5762
5763
5764
5766
5768
5768
5769
5770
5775
5775
5776
5777
5778
5778
5779
5781
5782
5784
5784
5786
5787
5787
5788
5788
5789
5790
5791
5793
5793
5793
5796
5797
5797
5798
5799
5802
5804
5804
5806
5806
5807
5810
5811
5811
5814
5815
5816
5818
5819
5820
5820
5820
5821
5821
5822
5822
5822
5827
5828
5829
5831
5831
5833
5834
5835
5836
5836
5836
5838
5839
5840
5840
5841
5841
5842
5843
5843
5844
5845
5846
5846
5848
5848
5849
5850
5852
5852
5852
5855
5856
5856
5856
5856
5857
5857
5858
5859
5860
5861
5861
5862
5862
5863
5863
5864
5864
5865
5865
5867
5867
5868
5868
5869
5869
5870
5870
5871
5872
5873
5873
5873
5875
5875
5875
5875
5876
5877
5878
5881
5881
5882
5884
5884
5884
5885
5886
5886
5889
5890
5890
5891
5892
5892
5893
5894
5895
5897
5897
5899
5899
5903
5904
5906
5908
5909
5909
5909
5909
5911
5911
5912
5912
5913
5914
5914
5914
5914
5917
5917
5917
5918
5919
5921
5922
5923
5925
5927
5929
5930
5930
5931
5931
5932
5933
5936
5936
5937
5937
5937
5937
5937
5937
5941
5942
5943
5943
5943
5944
5944
5946
5947
5947
5949
5949
5951
5951
5952
5952
5952
5953
5954
5955
5956
5956
5958
5961
5961
5962
5963
5963
5963
5963
5963
5963
5966
5967
5968
5968
5969
5969
5969
5971
5972
5973
5975
5976
5978
5979
5980
5982
5982
5983
5983
5984
5984
5986
5988
5988
5989
5991
5993
5994
5994
5994
5995
5996
5998
5999
6000
6001
6002
6003
6004
6005
6006
6006
6007
6008
6009
6011
6012
6012
6012
6012
6012
6014
6014
6016
6018
6019
6019
6020
6020
6021
6021
6023
6024
6024
6029
6031
6031
6032
6034
6034
6036
6037
6038
6038
6045
6045
6045
6048
6049
6050
6051
6054
6054
6055
6055
6055
6055
6057
6058
6061
6061
6061
6061
6061
6061
6062
6062
6062
6063
6063
6064
6064
6064
6065
6065
6065
6067
6069
6069
6072
6073
6074
6074
6074
6074
6075
6075
6076
6076
6076
6077
6079
6080
6080
6080
6081
6082
6084
6086
6086
6086
6088
6088
6089
6090
6092
6092
6095
6099
6099
6103
6103
6103
6104
6105
6105
6106
6108
6108
6109
6110
6110
6111
6111
6112
6112
6113
6114
6116
6116
6118
6118
6118
6121
6121
6123
6125
6126
6127
6127
6128
6129
6130
6130
6130
6131
6132
6133
6134
6135
6135
6138
6138
6139
6141
6142
6142
6145
6146
6146
6147
6148
6150
6152
6154
6155
6155
6155
6157
6157
6158
6159
6159
6159
6162
6163
6163
6164
6165
6170
6170
6170
6170
6171
6172
6174
6176
6176
6177
6177
6179
6179
6180
6181
6184
6184
6186
6188
6189
6192
6194
6197
6197
6198
6199
6199
6201
6202
6205
6205
6205
6206
6206
6209
6211
6213
6213
6215
6217
6218
6219
6219
6221
6223
6224
6224
6224
6228
6229
6230
6230
6232
6232
6233
6234
6234
6235
6235
6235
6236
6236
6236
6237
6239
6243
6248
6248
6249
6249
6251
6251
6252
6255
6256
6256
6256
6258
6259
6259
6260
6260
6261
6263
6264
6264
6265
6266
6266
6267
6267
6268
6268
6269
6270
6272
6272
6273
6273
6274
6276
6277
6277
6277
6278
6279
6279
6280
6281
6282
6285
6285
6286
6287
6287
6288
6289
6289
6289
6291
6291
6291
6291
6292
6294
6295
6295
6297
6300
6300
6302
6303
6305
6307
6308
6308
6308
6309
6309
6310
6312
6313
6313
6314
6315
6315
6316
6317
6318
6319
6320
6324
6327
6327
6327
6328
6330
6330
6330
6332
6334
6334
6334
6335
6335
6340
6341
6344
6346
6347
6350
6350
6350
6351
6352
6353
6353
6353
6354
6355
6355
6355
6356
6356
6356
6357
6358
6359
6362
6362
6363
6364
6367
6367
6367
6369
6370
6370
6370
6371
6374
6375
6377
6377
6379
6379
6379
6379
6383
6384
6385
6385
6386
6390
6391
6393
6395
6395
6396
6397
6397
6397
6399
6399
6401
6401
6402
6402
6404
6408
6409
6410
6410
6412
6413
6414
6416
6416
6419
6419
6423
6425
6425
6430
6430
6432
6433
6435
6439
6441
6441
6444
6444
6445
6446
6449
6450
6450
6451
6451
6451
6453
6454
6454
6456
6457
6458
6458
6459
6459
6461
6461
6461
6462
6465
6465
6465
6466
6467
6467
6469
6469
6470
6470
6470
6471
6471
6471
6471
6475
6476
6476
6477
6477
6477
6479
6479
6480
6484
6484
6484
6484
6486
6488
6491
6491
6493
6493
6493
6497
6497
6497
6501
6501
6502
6502
6502
6502
6502
6503
6503
6504
6506
6508
6509
6509
6511
6513
6514
6514
6515
6516
6517
6518
6518
6519
6520
6521
6523
6524
6527
6528
6528
6528
6529
6531
6531
6532
6534
6534
6534
6536
6538
6539
6543
6543
6543
6543
6544
6545
6547
6548
6548
6550
6550
6550
6552
6552
6553
6554
6555
6555
6556
6557
6561
6561
6562
6563
6565
6566
6567
6567
6567
6567
6568
6568
6569
6569
6571
6571
6572
6573
6574
6574
6577
6580
6582
6584
6584
6584
6585
6589
6590
6590
6592
6592
6593
6594
6594
6596
6596
6596
6598
6599
6600
6601
6601
6602
6602
6605
6606
6607
6607
6609
6610
6610
6611
6611
6611
6613
6613
6614
6615
6615
6616
6617
6618
6618
6620
6623
6623
6623
6623
6627
6630
6631
6634
6635
6636
6636
6636
6637
6637
6638
6639
6639
6640
6641
6641
6642
6644
6644
6645
6646
6646
6646
6648
6650
6650
6651
6653
6656
6656
6657
6657
6657
6662
6663
6663
6663
6666
6667
6670
6670
6671
6671
6673
6675
6677
6677
6679
6682
6684
6685
6686
6689
6690
6690
6691
6692
6694
6698
6699
6700
6700
6701
6702
6702
6703
6705
6706
6707
6707
6709
6710
6710
6714
6714
6715
6716
6716
6719
6720
6720
6721
6722
6724
6725
6725
6726
6726
6726
6727
6727
6731
6731
6732
6732
6732
6733
6736
6736
6737
6737
6737
6738
6738
6738
6739
6741
6743
6744
6746
6747
6747
6748
6751
6751
6752
6754
6754
6754
6755
6755
6756
6757
6757
6758
6758
6758
6759
6759
6760
6760
6761
6761
6761
6761
6761
6762
6762
6764
6765
6767
6767
6768
6768
6771
6776
6777
6780
6781
6782
6783
6785
6785
6785
6786
6787
6789
6789
6793
6794
6795
6798
6798
6801
6801
6802
6802
6803
6803
6804
6805
6805
6805
6806
6807
6807
6808
6808
6808
6808
6809
6810
6810
6810
6810
6813
6815
6816
6818
6820
6820
6821
6821
6827
6828
6829
6830
6830
6830
6833
6834
6835
6836
6839
6839
6839
6839
6839
6839
6839
6840
6843
6845
6845
6847
6850
6850
6850
6850
6850
6851
6852
6853
6853
6853
6855
6856
6857
6858
6859
6860
6861
6862
6862
6865
6867
6868
6869
6870
6872
6872
6875
6875
6876
6876
6876
6877
6877
6878
6878
6879
6881
6882
6882
6884
6884
6885
6885
6886
6887
6888
6890
6890
6890
6892
6893
6893
6897
6897
6898
6898
6901
6901
6903
6904
6904
6906
6907
6909
6913
6913
6914
6915
6917
6918
6918
6920
6920
6921
6921
6923
6927
6928
6930
6931
6931
6932
6934
6935
6936
6940
6940
6942
6942
6942
6947
6948
6949
6949
6950
6952
6953
6953
6954
6956
6958
6960
6961
6961
6962
6962
6964
6965
6965
6967
6968
6971
6971
6972
6972
6973
6973
6974
6974
6975
6975
6976
6976
6976
6977
6978
6979
6979
6980
6980
6981
6981
6982
6984
6987
6987
6987
6987
6988
6990
6990
6991
6992
6993
6994
6995
6996
6997
6998
6998
6999
7002
7003
7003
7004
7004
7005
7006
7006
7006
7006
7007
7008
7008
7009
7009
7009
7010
7010
7012
7013
7014
7017
7017
7018
7020
7021
7023
7023
7023
7024
7025
7027
7028
7029
7034
7034
7036
7041
7042
7043
7043
7045
7046
7046
7046
7047
7047
7048
7049
7050
7051
7053
7058
7058
7060
7061
7064
7067
7070
7072
7072
7072
7072
7074
7075
7080
7080
7082
7082
7084
7086
7087
7087
7089
7091
7100
7100
7102
7102
7104
7104
7105
7107
7112
7113
7114
7119
7120
7121
7122
7123
7123
7124
7124
7126
7127
7127
7127
7129
7129
7129
7130
7130
7131
7132
7132
7134
7134
7135
7137
7138
7138
7138
7139
7141
7144
7145
7146
7146
7146
7147
7148
7148
7149
7149
7150
7151
7153
7154
7154
7155
7156
7157
7158
7159
7160
7161
7161
7164
7166
7176
7177
7178
7178
7179
7179
7179
7182
7183
7183
7185
7185
7186
7186
7187
7187
7189
7192
7193
7193
7195
7197
7198
7198
7198
7199
7200
7200
7200
7201
7202
7205
7205
7209
7210
7211
7211
7211
7212
7213
7213
7213
7213
7216
7216
7216
7216
7217
7217
7218
7219
7220
7220
7222
7223
7223
7225
7225
7228
7228
7229
7229
7229
7230
7235
7236
7237
7237
7237
7238
7240
7241
7241
7243
7244
7246
7246
7247
7254
7255
7256
7256
7257
7259
7259
7260
7260
7261
7261
7264
7264
7265
7266
7266
7267
7267
7270
7273
7276
7277
7277
7278
7278
7278
7279
7280
7281
7284
7285
7286
7286
7286
7287
7289
7289
7290
7290
7290
7292
7293
7294
7294
7295
7295
7300
7303
7303
7303
7303
7304
7304
7305
7307
7307
7309
7310
7311
7313
7313
7315
7316
7317
7318
7318
7319
7319
7321
7323
7324
7324
7326
7328
7328
7330
7331
7332
7333
7333
7334
7335
7336
7336
7338
7339
7340
7341
7342
7344
7345
7345
7345
7350
7353
7353
7355
7356
7357
7357
7359
7360
7360
7361
7362
7363
7363
7364
7365
7365
7365
7365
7367
7368
7369
7371
7371
7371
7372
7372
7373
7373
7374
7376
7376
7376
7377
7378
7379
7382
7383
7383
7383
7386
7386
7386
7387
7388
7388
7390
7392
7393
7393
7395
7396
7399
7399
7401
7404
7407
7408
7409
7409
7409
7410
7410
7412
7415
7415
7416
7417
7417
7417
7417
7418
7418
7420
7420
7421
7421
7422
7423
7424
7426
7426
7429
7430
7432
7436
7437
7438
7439
7441
7441
7441
7442
7443
7443
7444
7446
7446
7446
7446
7446
7447
7449
7449
7450
7457
7458
7459
7460
7461
7463
7465
7467
7468
7468
7469
7471
7471
7474
7475
7475
7475
7477
7477
7478
7478
7478
7480
7480
7481
7481
7482
7483
7484
7484
7484
7485
7485
7486
7487
7488
7490
7490
7492
7493
7494
7495
7497
7498
7498
7503
7504
7505
7509
7513
7514
7516
7517
7517
7518
7525
7526
7526
7528
7529
7529
7530
7531
7532
7533
7534
7535
7535
7535
7536
7536
7537
7537
7537
7538
7538
7538
7538
7539
7539
7539
7541
7541
7542
7543
7543
7543
7544
7546
7548
7548
7552
7553
7553
7554
7554
7554
7555
7556
7556
7557
7559
7559
7559
7560
7561
7564
7565
7568
7570
7570
7572
7572
7573
7574
7575
7575
7576
7577
7578
7578
7580
7581
7582
7582
7582
7583
7585
7586
7588
7589
7589
7590
7590
7592
7592
7600
7601
7602
7603
7603
7604
7605
7606
7606
7606
7607
7609
7609
7610
7610
7610
7611
7612
7614
7614
7617
7619
7621
7622
7624
7624
7625
7628
7630
7633
7635
7637
7639
7639
7640
7642
7643
7644
7645
7649
7651
7651
7651
7652
7652
7653
7654
7654
7654
7654
7655
7656
7659
7659
7660
7661
7661
7662
7664
7664
7664
7664
7665
7668
7668
7671
7671
7674
7674
7675
7675
7676
7676
7678
7680
7680
7681
7681
7682
7682
7682
7683
7683
7684
7686
7686
7686
7687
7689
7689
7691
7692
7693
7693
7695
7696
7697
7698
7698
7699
7700
7700
7703
7703
7704
7704
7705
7710
7711
7711
7712
7712
7713
7716
7716
7718
7718
7719
7722
7723
7724
7725
7725
7726
7728
7728
7729
7732
7738
7740
7741
7741
7745
7746
7746
7748
7750
7751
7751
7752
7753
7755
7756
7756
7761
7761
7762
7763
7766
7768
7769
7773
7773
7774
7774
7774
7774
7775
7775
7775
7775
7778
7778
7779
7781
7782
7782
7784
7789
7790
7790
7790
7792
7793
7793
7796
7799
7800
7800
7801
7801
7801
7802
7802
7803
7803
7803
7806
7806
7807
7808
7808
7811
7812
7812
7817
7817
7817
7818
7819
7819
7819
7821
7821
7821
7822
7822
7824
7824
7824
7825
7827
7827
7828
7828
7829
7830
7833
7834
7834
7834
7835
7836
7836
7836
7838
7838
7840
7844
7844
7845
7845
7848
7849
7850
7851
7851
7853
7854
7856
7856
7857
7858
7859
7860
7863
7863
7866
7866
7867
7868
7868
7868
7869
7869
7869
7870
7870
7871
7874
7877
7880
7880
7880
7882
7882
7883
7883
7884
7885
7885
7885
7886
7888
7890
7891
7893
7893
7893
7894
7894
7895
7897
7897
7897
7898
7898
7899
7901
7902
7903
7904
7906
7906
7908
7909
7909
7911
7912
7913
7914
7915
7916
7917
7918
7919
7919
7921
7924
7924
7924
7925
7925
7930
7930
7931
7932
7933
7933
7933
7935
7935
7935
7941
7942
7942
7944
7944
7945
7946
7948
7948
7949
7950
7950
7950
7951
7952
7952
7953
7953
7955
7959
7959
7963
7963
7966
7968
7968
7969
7972
7975
7976
7976
7976
7977
7979
7979
7979
7980
7982
7983
7983
7983
7985
7985
7986
7990
7990
7991
7992
7993
7994
7995
7997
7997
7999
7999
8002
8003
8004
8004
8005
8006
8007
8008
8008
8009
8010
8013
8015
8017
8019
8019
8019
8021
8025
8027
8028
8029
8030
8032
8033
8034
8034
8035
8035
8036
8037
8037
8039
8040
8041
8041
8042
8042
8043
8044
8045
8047
8050
8050
8052
8052
8052
8054
8054
8055
8055
8058
8058
8058
8059
8060
8060
8063
8063
8064
8067
8069
8069
8070
8072
8073
8077
8078
8078
8078
8079
8082
8084
8085
8087
8091
8091
8091
8091
8092
8092
8093
8093
8097
8099
8100
8101
8102
8102
8102
8103
8103
8104
8104
8104
8104
8105
8106
8106
8107
8107
8108
8109
8109
8110
8111
8112
8115
8116
8116
8117
8122
8122
8122
8124
8125
8126
8127
8128
8129
8130
8132
8132
8134
8134
8135
8135
8136
8137
8137
8139
8139
8140
8141
8141
8142
8142
8143
8144
8144
8144
8145
8145
8146
8146
8147
8147
8149
8151
8151
8153
8154
8154
8154
8156
8157
8157
8159
8159
8160
8160
8161
8165
8166
8167
8170
8171
8172
8174
8174
8175
8176
8177
8177
8178
8179
8179
8179
8181
8182
8185
8185
8187
8188
8189
8191
8193
8194
8194
8195
8196
8197
8198
8199
8202
8203
8203
8203
8203
8203
8203
8203
8203
8205
8205
8205
8206
8206
8208
8209
8210
8211
8211
8215
8215
8215
8217
8218
8218
8221
8221
8221
8222
8224
8227
8228
8229
8229
8229
8231
8233
8236
8237
8239
8239
8239
8240
8241
8242
8242
8243
8244
8245
8246
8249
8250
8250
8251
8252
8252
8252
8253
8253
8253
8256
8256
8256
8256
8257
8259
8264
8265
8265
8265
8265
8269
8269
8270
8271
8272
8277
8277
8278
8279
8281
8283
8284
8284
8284
8284
8284
8285
8285
8285
8286
8286
8288
8288
8289
8289
8290
8291
8294
8296
8298
8298
8298
8299
8300
8301
8302
8304
8306
8310
8311
8312
8312
8313
8316
8316
8318
8318
8319
8319
8320
8321
8322
8323
8325
8326
8327
8329
8329
8331
8331
8331
8333
8333
8334
8335
8335
8335
8337
8338
8340
8340
8342
8343
8343
8344
8344
8345
8346
8347
8350
8353
8355
8356
8357
8357
8358
8360
8360
8363
8364
8365
8366
8370
8371
8371
8371
8371
8372
8372
8373
8374
8374
8375
8375
8376
8376
8377
8377
8377
8378
8378
8379
8380
8381
8381
8382
8382
8385
8386
8386
8386
8387
8388
8388
8388
8389
8392
8392
8393
8395
8398
8399
8399
8401
8404
8407
8410
8413
8416
8418
8419
8419
8419
8419
8420
8420
8423
8424
8424
8426
8428
8430
8431
8432
8432
8433
8435
8435
8436
8437
8439
8439
8441
8441
8442
8443
8446
8446
8446
8447
8447
8448
8450
8450
8451
8452
8454
8454
8454
8455
8457
8458
8458
8458
8458
8458
8458
8459
8462
8463
8463
8465
8465
8466
8467
8467
8468
8468
8470
8471
8472
8473
8473
8474
8475
8476
8477
8477
8478
8478
8479
8479
8480
8481
8481
8482
8484
8484
8485
8485
8486
8486
8487
8491
8492
8492
8494
8495
8496
8496
8497
8497
8497
8498
8499
8499
8504
8504
8505
8506
8510
8510
8511
8512
8512
8514
8514
8515
8515
8520
8523
8523
8526
8527
8531
8533
8534
8537
8539
8539
8539
8540
8540
8542
8544
8545
8546
8547
8547
8547
8549
8549
8553
8554
8557
8557
8558
8559
8559
8559
8559
8560
8561
8561
8562
8562
8563
8564
8565
8565
8565
8566
8568
8568
8568
8569
8569
8570
8570
8574
8574
8575
8576
8577
8577
8577
8579
8579
8580
8581
8581
8581
8585
8586
8586
8587
8587
8588
8590
8592
8593
8595
8596
8597
8597
8598
8598
8598
8599
8599
8599
8599
8600
8601
8602
8602
8603
8605
8606
8607
8610
8610
8611
8614
8615
8615
8617
8617
8618
8619
8619
8619
8620
8620
8621
8621
8623
8624
8626
8626
8626
8627
8628
8629
8629
8630
8630
8631
8635
8636
8636
8637
8637
8638
8640
8641
8641
8643
8644
8644
8645
8646
8646
8647
8648
8648
8651
8651
8652
8653
8653
8653
8654
8655
8655
8656
8657
8658
8660
8661
8662
8668
8669
8669
8670
8670
8673
8674
8675
8675
8676
8676
8679
8680
8680
8681
8682
8683
8684
8684
8689
8691
8692
8692
8693
8694
8695
8695
8696
8697
8697
8697
8699
8699
8699
8700
8701
8701
8702
8704
8707
8708
8709
8710
8710
8710
8710
8711
8712
8712
8713
8714
8715
8716
8717
8717
8717
8718
8719
8719
8719
8720
8721
8722
8722
8724
8725
8725
8725
8725
8726
8727
8727
8727
8727
8728
8729
8730
8730
8730
8735
8737
8738
8740
8742
8743
8744
8745
8747
8748
8749
8751
8751
8751
8752
8754
8755
8756
8756
8756
8757
8758
8758
8758
8759
8762
8763
8763
8764
8766
8767
8772
8772
8775
8776
8776
8778
8779
8779
8779
8779
8781
8781
8781
8783
8789
8791
8791
8792
8793
8795
8799
8800
8800
8801
8801
8804
8804
8804
8805
8806
8806
8807
8808
8810
8811
8813
8813
8814
8815
8815
8815
8817
8818
8823
8824
8824
8825
8825
8825
8826
8826
8827
8828
8829
8831
8832
8832
8833
8833
8833
8833
8834
8836
8837
8837
8838
8840
8840
8840
8841
8842
8843
8843
8843
8844
8845
8845
8847
8848
8850
8851
8853
8853
8856
8857
8858
8861
8861
8862
8862
8864
8865
8865
8866
8867
8868
8869
8870
8872
8872
8872
8873
8874
8876
8876
8877
8878
8878
8879
8880
8882
8883
8885
8885
8886
8887
8887
8888
8888
8890
8891
8896
8896
8897
8897
8898
8900
8901
8903
8904
8905
8907
8908
8908
8908
8908
8910
8910
8913
8913
8914
8914
8915
8915
8915
8917
8918
8919
8920
8920
8920
8920
8921
8923
8923
8923
8924
8926
8927
8928
8928
8929
8929
8929
8929
8929
8930
8931
8933
8936
8937
8938
8941
8941
8941
8941
8942
8942
8944
8944
8944
8945
8945
8945
8947
8948
8949
8949
8949
8949
8951
8952
8952
8953
8954
8956
8958
8959
8960
8962
8963
8964
8965
8965
8966
8966
8966
8967
8968
8971
8971
8972
8974
8974
8977
8979
8981
8984
8984
8984
8986
8986
8989
8991
8992
8994
8994
8995
8996
8997
8998
8999
9001
9002
9003
9004
9004
9005
9005
9006
9007
9010
9010
9011
9012
9012
9012
9013
9013
9014
9018
9018
9019
9019
9019
9020
9022
9023
9024
9024
9025
9026
9026
9028
9028
9030
9032
9034
9035
9035
9036
9037
9038
9039
9039
9040
9040
9041
9041
9041
9042
9044
9045
9046
9046
9047
9048
9048
9049
9050
9051
9051
9051
9053
9053
9053
9053
9054
9055
9055
9058
9059
9060
9060
9061
9062
9063
9064
9065
9070
9071
9071
9076
9077
9077
9078
9078
9078
9079
9082
9083
9084
9085
9085
9085
9085
9087
9088
9088
9089
9089
9090
9090
9091
9092
9092
9092
9094
9095
9095
9096
9098
9098
9099
9100
9100
9101
9101
9101
9101
9101
9102
9103
9103
9103
9105
9105
9106
9107
9108
9110
9111
9111
9112
9112
9112
9113
9114
9115
9116
9116
9117
9119
9119
9119
9120
9120
9121
9121
9123
9123
9124
9125
9129
9129
9129
9130
9130
9132
9132
9132
9133
9133
9134
9135
9137
9137
9138
9139
9139
9139
9141
9141
9142
9142
9147
9148
9148
9149
9155
9157
9157
9159
9162
9164
9164
9165
9165
9165
9166
9167
9169
9169
9170
9170
9173
9174
9174
9175
9179
9180
9181
9181
9182
9183
9184
9184
9186
9192
9192
9193
9193
9195
9195
9195
9196
9196
9196
9196
9199
9201
9202
9203
9205
9205
9207
9207
9209
9209
9211
9212
9212
9212
9212
9214
9216
9216
9218
9219
9221
9221
9222
9223
9225
9228
9228
9229
9230
9230
9232
9235
9237
9238
9239
9242
9242
9243
9244
9246
9250
9250
9251
9251
9252
9254
9254
9254
9255
9256
9257
9257
9258
9260
9262
9262
9263
9263
9264
9265
9268
9268
9268
9268
9269
9269
9270
9270
9271
9272
9274
9276
9277
9278
9280
9281
9281
9282
9282
9284
9284
9285
9285
9285
9287
9289
9289
9289
9289
9290
9291
9292
9292
9293
9293
9295
9296
9296
9296
9297
9298
9300
9300
9302
9302
9303
9303
9304
9305
9306
9306
9306
9306
9307
9308
9309
9311
9311
9312
9316
9316
9316
9317
9317
9317
9317
9318
9319
9322
9323
9323
9323
9326
9326
9328
9328
9329
9329
9330
9330
9331
9332
9332
9333
9334
9335
9336
9337
9337
9337
9337
9338
9338
9339
9340
9342
9342
9346
9346
9346
9346
9347
9347
9347
9348
9349
9349
9350
9351
9352
9352
9353
9353
9354
9357
9360
9360
9360
9360
9362
9362
9362
9363
9363
9365
9365
9365
9366
9366
9367
9369
9369
9371
9372
9372
9374
9374
9375
9376
9376
9378
9378
9378
9379
9380
9380
9381
9382
9382
9388
9391
9392
9393
9394
9395
9395
9397
9397
9397
9398
9399
9399
9400
9401
9401
9401
9402
9403
9404
9405
9405
9405
9406
9407
9408
9409
9410
9411
9411
9412
9412
9412
9414
9415
9415
9419
9421
9423
9423
9424
9424
9425
9429
9430
9432
9432
9433
9434
9434
9435
9435
9436
9438
9438
9439
9439
9440
9443
9444
9445
9447
9448
9448
9449
9452
9452
9453
9453
9455
9455
9455
9456
9457
9457
9457
9462
9463
9463
9464
9465
9465
9468
9470
9471
9471
9473
9473
9473
9473
9474
9475
9476
9478
9479
9479
9480
9481
9481
9481
9483
9483
9484
9484
9484
9487
9488
9490
9491
9492
9493
9494
9495
9496
9496
9496
9497
9498
9498
9498
9499
9499
9499
9500
9500
9504
9505
9507
9508
9508
9509
9509
9509
9510
9510
9511
9512
9513
9514
9516
9519
9520
9521
9521
9521
9522
9523
9523
9524
9525
9527
9527
9527
9528
9528
9528
9531
9531
9532
9532
9534
9534
9534
9535
9538
9538
9540
9541
9544
9545
9545
9545
9549
9550
9551
9551
9552
9555
9555
9557
9558
9559
9560
9560
9562
9562
9562
9564
9565
9566
9566
9567
9567
9570
9570
9570
9570
9573
9573
9573
9574
9574
9574
9574
9575
9575
9575
9575
9577
9578
9578
9578
9579
9579
9582
9584
9585
9586
9587
9588
9591
9592
9592
9593
9593
9594
9594
9595
9595
9595
9596
9597
9598
9599
9599
9601
9601
9601
9602
9602
9604
9605
9608
9608
9611
9611
9612
9614
9614
9615
9617
9617
9618
9618
9619
9620
9621
9622
9622
9623
9623
9624
9625
9626
9628
9628
9629
9630
9631
9631
9632
9633
9634
9635
9635
9636
9641
9642
9642
9644
9645
9646
9646
9647
9649
9649
9651
9655
9656
9656
9657
9657
9658
9659
9660
9660
9661
9661
9662
9663
9664
9664
9665
9665
9668
9668
9669
9669
9672
9672
9672
9672
9673
9674
9675
9676
9680
9682
9682
9683
9686
9686
9687
9687
9688
9689
9689
9690
9691
9693
9694
9694
9694
9696
9697
9697
9698
9698
9699
9700
9701
9702
9704
9706
9708
9708
9711
9711
9712
9713
9714
9715
9715
9715
9716
9716
9718
9719
9722
9722
9724
9724
9724
9726
9727
9728
9729
9729
9729
9729
9730
9731
9732
9734
9735
9740
9740
9741
9745
9745
9746
9751
9753
9753
9756
9757
9758
9759
9760
9760
9763
9763
9764
9764
9765
9767
9768
9768
9769
9770
9773
9774
9779
9779
9780
9780
9780
9781
9783
9783
9785
9786
9786
9786
9788
9789
9790
9790
9791
9792
9793
9794
9794
9795
9795
9796
9797
9797
9798
9798
9799
9799
9800
9800
9801
9801
9802
9802
9803
9804
9804
9805
9806
9806
9806
9807
9808
9808
9811
9811
9811
9812
9813
9813
9815
9815
9816
9816
9817
9818
9818
9819
9820
9824
9825
9825
9825
9826
9827
9827
9827
9831
9831
9831
9832
9834
9834
9835
9835
9836
9837
9837
9837
9839
9839
9840
9840
9840
9841
9843
9843
9843
9844
9846
9850
9850
9851
9852
9853
9853
9855
9857
9857
9858
9858
9861
9863
9863
9864
9864
9865
9869
9870
9870
9871
9872
9875
9876
9879
9879
9882
9882
9883
9883
9884
9885
9886
9886
9886
9887
9888
9889
9890
9893
9893
9894
9894
9894
9895
9895
9895
9897
9898
9898
9898
9899
9900
9902
9903
9904
9905
9905
9906
9907
9908
9916
9917
9920
9920
9920
9921
9921
9922
9923
9924
9925
9925
9926
9927
9928
9928
9929
9931
9931
9934
9935
9935
9939
9941
9942
9943
9943
9944
9944
9945
9945
9945
9946
9946
9946
9947
9947
9948
9948
9950
9951
9952
9954
9957
9957
9957
9959
9959
9959
9959
9960
9960
9962
9962
9962
9965
9967
9969
9971
9971
9972
9972
9972
9972
9976
9977
9977
9978
9979
9979
9979
9979
9980
9981
9984
9985
9985
9985
9986
9988
9988
9989
9991
9991
9993
9994
9995
9995
9995
9997
9997
9997
