1
1
2
2
3
5
5
7
7
7
8
9
10
10
10
11
11
12
12
12
16
18
18
19
21
21
21
21
24
24
25
26
26
29
31
31
32
32
32
36
37
38
38
39
40
42
42
42
42
45
45
46
48
48
49
50
50
51
51
53
53
54
56
59
60
60
60
60
62
62
63
65
67
68
69
70
73
74
76
77
77
77
77
77
79
79
80
81
82
83
84
85
86
88
89
89
89
90
91
91
94
94
97
97
98
99
100
102
104
107
109
109
109
109
110
110
111
111
113
115
115
116
117
117
120
120
121
122
123
125
126
126
126
128
128
129
130
131
131
132
135
135
137
137
138
138
139
143
147
147
148
149
151
152
153
154
154
155
157
157
158
159
159
161
162
162
164
164
165
168
168
169
170
170
172
174
174
175
176
176
177
178
179
179
179
180
181
181
182
183
183
183
184
184
186
186
186
186
187
191
194
195
195
197
197
197
198
198
199
199
199
202
202
203
205
205
206
207
207
208
208
209
209
213
216
218
219
220
221
222
222
222
223
223
225
225
226
226
226
226
227
229
230
231
232
233
233
233
234
234
235
236
236
236
237
238
240
240
241
243
244
244
245
246
246
249
249
249
250
250
253
253
258
261
261
264
264
265
266
267
269
270
270
271
272
273
274
274
275
275
279
281
283
285
286
288
289
289
290
290
290
291
291
291
292
294
295
295
297
298
298
299
299
299
300
302
303
305
305
306
306
307
308
308
309
310
312
314
314
314
315
315
324
325
325
326
326
326
327
333
333
334
335
335
337
338
338
339
340
341
342
342
342
344
345
345
347
348
349
349
349
350
350
351
351
353
353
354
357
357
357
359
359
360
362
362
363
365
367
368
369
369
371
377
377
377
378
381
383
383
384
384
385
386
387
389
391
391
392
396
397
397
398
398
399
401
403
404
404
408
408
408
408
409
409
412
413
415
416
416
417
418
419
420
420
421
421
422
424
425
427
429
431
432
433
434
434
434
435
435
437
438
439
440
440
441
441
441
442
442
444
445
446
447
451
451
452
453
454
455
455
455
456
457
457
458
459
459
460
460
463
463
465
466
466
468
469
470
471
471
471
471
475
477
480
482
483
483
485
486
487
487
488
488
488
489
489
493
494
494
494
495
496
497
500
500
502
502
502
503
505
505
506
506
507
507
508
508
512
512
515
515
517
518
518
520
520
522
523
523
524
524
527
527
528
529
530
530
531
532
533
534
535
537
537
538
538
539
541
542
543
544
545
547
547
547
548
552
554
554
557
561
561
561
562
564
564
566
572
573
573
573
574
574
575
578
581
581
583
583
583
584
585
585
585
586
588
589
589
590
591
591
591
591
593
593
595
595
595
595
596
597
597
597
599
601
601
606
606
608
608
609
610
610
611
611
612
615
615
615
616
617
619
619
619
621
622
625
626
626
626
627
629
630
630
631
631
632
633
634
635
636
638
638
638
639
640
641
642
642
643
645
645
647
648
648
648
649
650
651
651
652
653
653
656
658
658
661
663
664
664
665
665
665
666
666
666
667
667
667
668
668
669
671
671
674
675
675
678
678
679
680
681
681
683
686
686
686
686
687
689
689
691
692
695
696
697
698
699
700
700
700
700
700
704
704
704
705
712
713
713
713
714
714
717
718
718
719
719
721
721
721
722
723
726
729
730
731
731
732
732
732
733
734
735
736
739
742
743
744
745
747
747
748
749
752
754
754
755
756
756
756
758
758
759
760
760
761
762
762
763
763
763
764
764
764
765
766
768
769
771
771
774
775
775
777
777
777
779
779
780
781
781
782
783
785
787
788
790
792
794
796
796
797
797
798
798
799
799
801
802
803
804
806
807
808
808
809
809
810
812
814
815
816
817
817
819
819
820
820
820
820
822
822
824
826
826
827
827
830
831
832
832
832
833
834
837
837
837
838
838
840
841
842
844
845
845
845
846
847
847
849
849
849
850
850
851
851
853
855
857
857
859
862
862
864
865
865
868
869
869
870
870
870
872
875
880
880
882
883
884
885
885
885
887
887
887
887
888
889
889
889
889
889
890
892
894
894
897
898
898
898
900
903
903
905
905
906
908
908
909
910
910
912
913
914
916
918
918
918
919
919
920
921
923
927
927
928
928
929
929
930
937
937
938
939
940
943
944
944
948
948
948
951
954
956
957
958
958
961
962
965
966
966
966
967
968
968
969
970
971
972
974
974
977
977
978
978
981
983
983
984
984
985
985
988
988
989
990
990
991
991
992
996
996
998
998
999
999
1000
